Index	data	dim	bits	N	calcMem	memory	memory/n	gen	load	load/n	q1/n	q2/n	pq1/n	pq2/n	up1/n	up2/n	1-NN1	1-NN2	10-NN1	10-NN2	unload	unload/n	nodes	postLen	AHC	NT	NTinternal	q1-n	q2-n	q1p-n	q2p-n	up1-n	up2-n	d1-1NN	d2-1NN	d1-kNN	d2-kNN	load-s	load-t	w-query-s	w-query-t	p-query-s	p-query-t	update-s	update-t	1-NN-s	1-NN-t	10-NN-s	10-NN-t	unload-s	unload-t	msg	
% Averages
% ========
PHC-P-AVG-3/3	CUBE(1.0,0.0,null)	3	64	500000	32	30467824	60	48	300	600	187	186	371	373	568	561	10400	10166	35200	37800	231	462	224623	47	63481	0	0	1001364	1001953	562612	499848	1000000	1000000	0.007024885358808984	0.006987770728182328	0.013000662308944538	0.013004250876331044	0	0	0	0	0	0	-855	40	0	0	-304	0	0	0	PhTree11 AHC/LHC=2.0 AHC-on=true HCI-on=true NtLimit=150 NtMaxDim=6 DEBUG=false WINDOW_RESULTS=1000 KNN_REPEAT=10000 UPD_DIST=1.0E-4
PHC-P-AVG-3/3	CUBE(1.0,0.0,null)	3	64	1000000	65	64841365	64	98	606	606	203	202	454	446	640	638	11066	11033	43833	42900	521	521	449897	47	126552	0	0	1000546	1001094	583057	541071	1000000	1000000	0.005549550437770283	0.005544053241235799	0.010311137994242721	0.010308335453926603	0	0	0	0	0	0	-1132	55	0	0	0	0	-99	4	PhTree11 AHC/LHC=2.0 AHC-on=true HCI-on=true NtLimit=150 NtMaxDim=6 DEBUG=false WINDOW_RESULTS=1000 KNN_REPEAT=10000 UPD_DIST=1.0E-4
PHC-P-AVG-3/3	CUBE(1.0,0.0,null)	3	64	2500000	163	168390818	67	181	1811	724	188	192	528	564	735	736	11433	11733	37033	36866	1540	616	1122344	47	319700	0	0	1000813	1000693	583416	583312	1000000	1000000	0.004081945930760205	0.004094766719653058	0.007585988483320264	0.007584277020465722	-275	386	0	0	0	0	-1311	71	0	0	-95	2470	-336	28	PhTree11 AHC/LHC=2.0 AHC-on=true HCI-on=true NtLimit=150 NtMaxDim=6 DEBUG=false WINDOW_RESULTS=1000 KNN_REPEAT=10000 UPD_DIST=1.0E-4
PHC-P-AVG-3/3	CUBE(1.0,0.0,null)	3	64	5000000	326	338810312	67	307	4142	828	207	206	626	614	821	826	13033	13833	41366	41600	3438	687	2250353	46	631097	0	0	1000860	1001138	582688	583343	1000000	1000000	0.0032414602082722773	0.0032408907661406745	0.0060152401419052495	0.00601327276953596	-68	4440	0	0	0	0	0	0	0	0	-600	2	0	0	PhTree11 AHC/LHC=2.0 AHC-on=true HCI-on=true NtLimit=150 NtMaxDim=6 DEBUG=false WINDOW_RESULTS=1000 KNN_REPEAT=10000 UPD_DIST=1.0E-4
PHC-P-AVG-3/3	CUBE(1.0,0.0,null)	3	64	10000000	652	680850058	68	591	9323	932	235	238	720	723	1011	992	14066	14366	51200	48966	7812	781	4498068	46	1271417	0	0	1001457	1001451	583372	583022	1000000	1000000	0.0025675833364300392	0.0025670076451426794	0.004773516329049533	0.004772869291378442	-342	10354	0	0	0	0	-2198	92	0	0	0	0	0	0	PhTree11 AHC/LHC=2.0 AHC-on=true HCI-on=true NtLimit=150 NtMaxDim=6 DEBUG=false WINDOW_RESULTS=1000 KNN_REPEAT=10000 UPD_DIST=1.0E-4
PHC-P-AVG-3/3	CUBE(1.0,0.0,null)	3	64	25000000	1624	1698949530	67	1462	26445	1057	266	263	890	887	1152	1186	16066	16100	44700	44500	23334	933	11228630	46	3185364	0	0	1001148	1001941	583711	583339	1000000	1000000	0.0018952143756358654	0.0018892834743862868	0.0035133384381170495	0.003517452924045769	-344	32603	0	0	0	0	-1182	98	0	0	0	0	0	0	PhTree11 AHC/LHC=2.0 AHC-on=true HCI-on=true NtLimit=150 NtMaxDim=6 DEBUG=false WINDOW_RESULTS=1000 KNN_REPEAT=10000 UPD_DIST=1.0E-4
PHC-P-AVG-3/3	CUBE(1.0,0.0,null)	3	64	50000000	3240	3386750240	67	2827	58595	1171	305	302	994	1009	1354	1379	18166	18100	57066	56866	52410	1048	22504730	45	6309486	0	0	1001080	1001876	583677	583218	1000000	1000000	0.0015012118629315011	0.0014980095364495686	0.0027874002993392654	0.0027856284917406444	-3193	46276	0	0	0	0	-2190	198	0	0	0	0	-1128	398	PhTree11 AHC/LHC=2.0 AHC-on=true HCI-on=true NtLimit=150 NtMaxDim=6 DEBUG=false WINDOW_RESULTS=1000 KNN_REPEAT=10000 UPD_DIST=1.0E-4
% Measurements
% ============
PHC-P-0	CUBE(1.0,0.0,null)	3	64	500000	32	30302640	60	48	303	606	184	185	371	367	575	561	10300	10200	34600	34900	233	466	224784	47	63395	0	0	999808	999599	562705	500003	1000000	1000000	0.007016042940261126	0.006977453167898288	0.013002771666482981	0.013023669182450811	0	0	0	0	0	0	-856	40	0	0	-304	0	0	0	PhTree11 AHC/LHC=2.0 AHC-on=true HCI-on=true NtLimit=150 NtMaxDim=6 DEBUG=false WINDOW_RESULTS=1000 KNN_REPEAT=10000 UPD_DIST=1.0E-4
PHC-P-1	CUBE(1.0,0.0,null)	3	64	500000	32	30267256	60	71	295	590	188	187	371	359	558	553	10200	9700	33700	34200	229	458	224344	47	63454	0	0	1001392	1002990	561908	499112	1000000	1000000	0.007031593701494971	0.006969439131584165	0.012995757638485015	0.013011840459509264	0	0	0	0	0	0	-857	40	0	0	-304	0	0	0	PhTree11 AHC/LHC=2.0 AHC-on=true HCI-on=true NtLimit=150 NtMaxDim=6 DEBUG=false WINDOW_RESULTS=1000 KNN_REPEAT=10000 UPD_DIST=1.0E-4
PHC-P-2	CUBE(1.0,0.0,null)	3	64	500000	32	30833576	61	27	303	606	189	186	372	393	573	570	10700	10600	37300	44300	232	464	224741	47	63594	0	0	1002892	1003271	563225	500431	1000000	1000000	0.007027019434670855	0.007016419885064532	0.013003457621865621	0.012977242987033058	0	0	0	0	0	0	-853	40	0	0	-304	2	0	0	PhTree11 AHC/LHC=2.0 AHC-on=true HCI-on=true NtLimit=150 NtMaxDim=6 DEBUG=false WINDOW_RESULTS=1000 KNN_REPEAT=10000 UPD_DIST=1.0E-4
PHC-P-0	CUBE(1.0,0.0,null)	3	64	1000000	65	65018440	65	97	604	604	203	205	441	442	642	651	10700	10700	42700	41600	525	525	450056	47	126481	0	0	999455	999477	583280	540103	1000000	1000000	0.005540494385698991	0.005522094710687428	0.01032014395051017	0.010320052554053182	0	0	0	0	0	0	-1123	64	0	0	0	0	-297	12	PhTree11 AHC/LHC=2.0 AHC-on=true HCI-on=true NtLimit=150 NtMaxDim=6 DEBUG=false WINDOW_RESULTS=1000 KNN_REPEAT=10000 UPD_DIST=1.0E-4
PHC-P-1	CUBE(1.0,0.0,null)	3	64	1000000	65	64475696	64	102	610	610	203	200	473	449	640	635	11400	11100	44000	43800	521	521	449687	47	126486	0	0	1001150	1002958	582935	541949	1000000	1000000	0.005551490700883239	0.00554313718533145	0.010302345415432715	0.010323751122532447	0	0	0	0	0	0	-1135	50	0	0	0	0	0	0	PhTree11 AHC/LHC=2.0 AHC-on=true HCI-on=true NtLimit=150 NtMaxDim=6 DEBUG=false WINDOW_RESULTS=1000 KNN_REPEAT=10000 UPD_DIST=1.0E-4
PHC-P-2	CUBE(1.0,0.0,null)	3	64	1000000	65	65029960	65	96	604	604	203	201	449	448	640	629	11100	11300	44800	43300	517	517	449950	47	126690	0	0	1001034	1000848	582958	541161	1000000	1000000	0.005556666226728621	0.005566927827688519	0.01031092461678528	0.010281202685194179	0	0	0	0	0	0	-1138	52	0	0	0	0	0	0	PhTree11 AHC/LHC=2.0 AHC-on=true HCI-on=true NtLimit=150 NtMaxDim=6 DEBUG=false WINDOW_RESULTS=1000 KNN_REPEAT=10000 UPD_DIST=1.0E-4
PHC-P-0	CUBE(1.0,0.0,null)	3	64	2500000	163	167839800	67	181	1823	729	183	201	525	567	741	737	11300	11200	34600	37400	1530	612	1122665	47	319533	0	0	1000546	999755	583290	583455	1000000	1000000	0.004095533242834785	0.004086301576321065	0.0075849585842005015	0.007588987460490593	-275	394	0	0	0	0	-1308	72	0	0	-95	2470	-335	28	PhTree11 AHC/LHC=2.0 AHC-on=true HCI-on=true NtLimit=150 NtMaxDim=6 DEBUG=false WINDOW_RESULTS=1000 KNN_REPEAT=10000 UPD_DIST=1.0E-4
PHC-P-1	CUBE(1.0,0.0,null)	3	64	2500000	163	167851048	67	184	1787	714	193	187	529	561	732	735	11500	12500	37600	38200	1550	620	1122150	47	320042	0	0	1000394	1001718	583303	582835	1000000	1000000	0.004083626501316063	0.004070030049647961	0.007576892996760937	0.007608854324940339	-274	384	0	0	0	0	-1312	70	0	0	-104	2480	-336	30	PhTree11 AHC/LHC=2.0 AHC-on=true HCI-on=true NtLimit=150 NtMaxDim=6 DEBUG=false WINDOW_RESULTS=1000 KNN_REPEAT=10000 UPD_DIST=1.0E-4
PHC-P-2	CUBE(1.0,0.0,null)	3	64	2500000	163	169481608	67	178	1823	729	189	190	532	566	732	738	11500	11500	38900	35000	1541	616	1122218	47	319526	0	0	1001499	1000607	583655	583647	1000000	1000000	0.0040666780481297665	0.0041279685329901495	0.007596113868999353	0.007554989275966236	-275	382	0	0	0	0	-1314	72	0	0	-342	2	-336	26	PhTree11 AHC/LHC=2.0 AHC-on=true HCI-on=true NtLimit=150 NtMaxDim=6 DEBUG=false WINDOW_RESULTS=1000 KNN_REPEAT=10000 UPD_DIST=1.0E-4
PHC-P-0	CUBE(1.0,0.0,null)	3	64	5000000	326	338583056	67	315	4158	831	208	205	625	619	825	829	13300	15500	41600	40900	3429	685	2250167	46	631181	0	0	1001517	1001484	582510	583060	1000000	1000000	0.003255680224891875	0.003238501075838227	0.006015551043940965	0.006016817955981357	-49	4594	0	0	0	0	0	0	0	0	-600	2	0	0	PhTree11 AHC/LHC=2.0 AHC-on=true HCI-on=true NtLimit=150 NtMaxDim=6 DEBUG=false WINDOW_RESULTS=1000 KNN_REPEAT=10000 UPD_DIST=1.0E-4
PHC-P-1	CUBE(1.0,0.0,null)	3	64	5000000	326	338920160	67	305	4102	820	208	205	641	617	824	826	12800	12900	40800	40400	3484	696	2250326	46	631189	0	0	1000134	1001791	582769	583368	1000000	1000000	0.0032456136728334093	0.0032415957359215562	0.006010443898524245	0.0060261515019989515	-77	4328	0	0	0	0	0	0	0	0	-600	2	0	0	PhTree11 AHC/LHC=2.0 AHC-on=true HCI-on=true NtLimit=150 NtMaxDim=6 DEBUG=false WINDOW_RESULTS=1000 KNN_REPEAT=10000 UPD_DIST=1.0E-4
PHC-P-2	CUBE(1.0,0.0,null)	3	64	5000000	326	338927720	67	302	4168	833	205	208	613	606	816	824	13000	13100	41700	43500	3403	680	2250566	46	630923	0	0	1000930	1000140	582786	583603	1000000	1000000	0.0032230867270915476	0.0032425754866622393	0.006019725483250539	0.005996848850627574	-77	4400	0	0	0	0	0	0	0	0	-600	2	0	0	PhTree11 AHC/LHC=2.0 AHC-on=true HCI-on=true NtLimit=150 NtMaxDim=6 DEBUG=false WINDOW_RESULTS=1000 KNN_REPEAT=10000 UPD_DIST=1.0E-4
PHC-P-0	CUBE(1.0,0.0,null)	3	64	10000000	652	680782200	68	587	9330	933	233	233	722	745	1024	999	14200	14600	53000	49500	7860	786	4497436	46	1271511	0	0	1000498	1001604	583751	583465	1000000	1000000	0.002575306333815499	0.0025722806009569666	0.00477008041783397	0.004775475817985115	-389	9986	0	0	0	0	-2200	94	0	0	0	0	0	0	PhTree11 AHC/LHC=2.0 AHC-on=true HCI-on=true NtLimit=150 NtMaxDim=6 DEBUG=false WINDOW_RESULTS=1000 KNN_REPEAT=10000 UPD_DIST=1.0E-4
PHC-P-1	CUBE(1.0,0.0,null)	3	64	10000000	652	680789240	68	585	9359	935	232	235	712	722	1009	988	14400	14500	51900	49400	7742	774	4497492	46	1271301	0	0	1001840	1001787	583078	583076	1000000	1000000	0.0025659386315241635	0.00255947052286773	0.004781108210660181	0.00478211040592517	-290	10750	0	0	0	0	-2197	92	0	0	0	0	0	0	PhTree11 AHC/LHC=2.0 AHC-on=true HCI-on=true NtLimit=150 NtMaxDim=6 DEBUG=false WINDOW_RESULTS=1000 KNN_REPEAT=10000 UPD_DIST=1.0E-4
PHC-P-2	CUBE(1.0,0.0,null)	3	64	10000000	652	680978736	68	601	9281	928	241	247	727	704	1000	989	13600	14000	48700	48000	7834	783	4499276	46	1271439	0	0	1002033	1000964	583289	582526	1000000	1000000	0.0025615050439504556	0.0025692718116033415	0.0047693603586544476	0.00476102165022504	-348	10326	0	0	0	0	-2197	90	0	0	0	0	0	0	PhTree11 AHC/LHC=2.0 AHC-on=true HCI-on=true NtLimit=150 NtMaxDim=6 DEBUG=false WINDOW_RESULTS=1000 KNN_REPEAT=10000 UPD_DIST=1.0E-4
PHC-P-0	CUBE(1.0,0.0,null)	3	64	25000000	1624	1700183568	68	1447	26587	1063	264	260	895	886	1147	1176	16200	15900	44700	45100	23333	933	11227426	46	3186242	0	0	1001334	1001250	584211	583419	1000000	1000000	0.001897992279316477	0.001883818654745838	0.003511504052787199	0.0035150981073709025	-350	32566	0	0	0	0	-1182	98	0	0	0	0	0	0	PhTree11 AHC/LHC=2.0 AHC-on=true HCI-on=true NtLimit=150 NtMaxDim=6 DEBUG=false WINDOW_RESULTS=1000 KNN_REPEAT=10000 UPD_DIST=1.0E-4
PHC-P-1	CUBE(1.0,0.0,null)	3	64	25000000	1624	1698229304	67	1454	26268	1050	267	265	884	896	1159	1182	15900	16200	44500	44300	23179	927	11227206	46	3185873	0	0	1001643	1002307	582864	583525	1000000	1000000	0.0018961729473250476	0.0018909684010559996	0.003521021139382279	0.0035229691420255943	-317	32710	0	0	0	0	-1183	98	0	0	0	0	0	0	PhTree11 AHC/LHC=2.0 AHC-on=true HCI-on=true NtLimit=150 NtMaxDim=6 DEBUG=false WINDOW_RESULTS=1000 KNN_REPEAT=10000 UPD_DIST=1.0E-4
PHC-P-2	CUBE(1.0,0.0,null)	3	64	25000000	1624	1698435720	67	1487	26480	1059	268	265	893	879	1150	1201	16100	16200	44900	44100	23490	939	11231260	46	3183978	0	0	1000468	1002266	584060	583074	1000000	1000000	0.0018914779002660715	0.001893063367357023	0.003507490122181671	0.003514291522740811	-366	32534	0	0	0	0	-1182	98	0	0	0	0	0	0	PhTree11 AHC/LHC=2.0 AHC-on=true HCI-on=true NtLimit=150 NtMaxDim=6 DEBUG=false WINDOW_RESULTS=1000 KNN_REPEAT=10000 UPD_DIST=1.0E-4
PHC-P-0	CUBE(1.0,0.0,null)	3	64	50000000	3240	3386693024	67	2871	58685	1173	303	304	981	1017	1331	1371	18400	18100	57600	56400	51895	1037	22502824	45	6311086	0	0	1001268	1002443	582983	583035	1000000	1000000	0.0015033059522348733	0.0014978907248812663	0.002784574722385201	0.002787441228389011	-3281	45752	0	0	0	0	-2195	198	0	0	0	0	-1123	396	PhTree11 AHC/LHC=2.0 AHC-on=true HCI-on=true NtLimit=150 NtMaxDim=6 DEBUG=false WINDOW_RESULTS=1000 KNN_REPEAT=10000 UPD_DIST=1.0E-4
PHC-P-1	CUBE(1.0,0.0,null)	3	64	50000000	3240	3386592232	67	2814	56939	1138	309	303	1008	996	1372	1385	17900	18300	57000	57400	52385	1047	22504599	45	6308365	0	0	1000986	1001243	584061	583522	1000000	1000000	0.0015004827704583428	0.0014914945016228243	0.002796362814718912	0.0027867856035360345	-2996	46704	0	0	0	0	-2190	198	0	0	0	0	-1128	402	PhTree11 AHC/LHC=2.0 AHC-on=true HCI-on=true NtLimit=150 NtMaxDim=6 DEBUG=false WINDOW_RESULTS=1000 KNN_REPEAT=10000 UPD_DIST=1.0E-4
PHC-P-2	CUBE(1.0,0.0,null)	3	64	50000000	3241	3386965464	67	2796	60161	1203	304	301	995	1014	1360	1381	18200	17900	56600	56800	52951	1059	22506767	45	6309009	0	0	1000987	1001943	583987	583098	1000000	1000000	0.0014998468661012875	0.001504643382844615	0.002781263360913684	0.0027826586432968866	-3301	46374	0	0	0	0	-2185	198	0	0	0	0	-1133	396	PhTree11 AHC/LHC=2.0 AHC-on=true HCI-on=true NtLimit=150 NtMaxDim=6 DEBUG=false WINDOW_RESULTS=1000 KNN_REPEAT=10000 UPD_DIST=1.0E-4
