Index	data	dim	bits	N	calcMem	memory	memory/n	gen	load	load/n	q1/n	q2/n	pq1/n	pq2/n	up1/n	up2/n	1-NN1	1-NN2	10-NN1	10-NN2	unload	unload/n	nodes	postLen	AHC	NT	NTinternal	q1-n	q2-n	q1p-n	q2p-n	up1-n	up2-n	d1-1NN	d2-1NN	d1-kNN	d2-kNN	load-s	load-t	w-query-s	w-query-t	p-query-s	p-query-t	update-s	update-t	1-NN-s	1-NN-t	10-NN-s	10-NN-t	unload-s	unload-t	msg	
% Averages
% ========
XTR-P-AVG-3/3	CUBE(1.0,0.0,null)	3	64	100000	0	12289784	122	27	40	400	1900	1876	1509	1991	0	0	0	0	0	0	0	0	7698	4	0	0	0	1002747	1001167	1000	1000	0	0	0.0	0.0	0.0	0.0	0	0	-859	2	-813	94	0	0	0	0	0	0	0	0	XTreeXXL2;maxOverlap=0.2;minFanout=0.2;nNodes=0;minCapacity=9;maxCapacity=27 WINDOW_RESULTS=1000
XTR-P-AVG-3/3	CUBE(1.0,0.0,null)	3	64	500000	0	72640648	145	67	67	134	9502	9473	8622	11531	0	0	0	0	0	0	3	6	23081	4	0	0	0	1001364	1001953	1000	1000	0	0	0.0	0.0	0.0	0.0	0	0	-4011	18	-4769	1466	0	0	0	0	0	0	0	0	XTreeXXL2;maxOverlap=0.2;minFanout=0.2;nNodes=0;minCapacity=9;maxCapacity=27 WINDOW_RESULTS=1000
XTR-P-AVG-3/3	CUBE(1.0,0.0,null)	3	64	1000000	0	148130096	148	79	261	261	31505	31798	29677	32372	0	0	0	0	0	0	5	5	42313	5	0	0	0	1000546	1001094	1000	1000	0	0	0.0	0.0	0.0	0.0	70	253	-7735	32	-8006	4205	0	0	0	0	0	0	0	0	XTreeXXL2;maxOverlap=0.2;minFanout=0.2;nNodes=0;minCapacity=9;maxCapacity=27 WINDOW_RESULTS=1000
XTR-P-AVG-3/3	CUBE(1.0,0.0,null)	3	64	5000000	0	751559578	150	298	1246	249	127096	127064	125214	133098	0	0	0	0	0	0	19	3	196160	5	0	0	0	1000860	1001138	1000	1000	0	0	0.0	0.0	0.0	0.0	133	1595	-38345	92	-37465	313	0	0	0	0	0	0	0	0	XTreeXXL2;maxOverlap=0.2;minFanout=0.2;nNodes=0;minCapacity=9;maxCapacity=27 WINDOW_RESULTS=1000
XTR-P-AVG-3/3	CUBE(1.0,0.0,null)	3	64	10000000	0	1506929666	150	576	2448	244	234363	234832	238076	245632	0	0	0	0	0	0	35	3	388467	5	0	0	0	1001457	1001451	1000	1000	0	0	0.0	0.0	0.0	0.0	217	3165	-74829	308	-74341	552	0	0	0	0	0	0	0	0	XTreeXXL2;maxOverlap=0.2;minFanout=0.2;nNodes=0;minCapacity=9;maxCapacity=27 WINDOW_RESULTS=1000
XTR-P-AVG-3/3	CUBE(1.0,0.0,null)	3	64	25000000	0	3770165826	150	1485	6374	254	623389	623222	658676	646361	0	0	0	0	0	0	76	3	965391	6	0	0	0	1001148	1001941	1000	1000	0	0	0.0	0.0	0.0	0.0	502	8437	-183537	1924	-186752	2164	0	0	0	0	0	0	0	0	XTreeXXL2;maxOverlap=0.2;minFanout=0.2;nNodes=0;minCapacity=9;maxCapacity=27 WINDOW_RESULTS=1000
% Measurements
% ============
XTR-P-0	CUBE(1.0,0.0,null)	3	64	100000	0	12289784	122	32	45	450	1910	1876	1470	1991	0	0	0	0	0	0	1	10	7698	4	0	0	0	1000267	998717	1000	1000	0	0	0.0	0.0	0.0	0.0	0	0	-859	4	-821	90	0	0	0	0	0	0	0	0	XTreeXXL2;maxOverlap=0.2;minFanout=0.2;nNodes=0;minCapacity=9;maxCapacity=27 WINDOW_RESULTS=1000
XTR-P-1	CUBE(1.0,0.0,null)	3	64	100000	0	12289784	122	27	33	330	1897	1884	1497	1958	0	0	0	0	0	0	1	10	7698	4	0	0	0	1001527	1000760	1000	1000	0	0	0.0	0.0	0.0	0.0	0	0	-859	2	-817	98	0	0	0	0	0	0	0	0	XTreeXXL2;maxOverlap=0.2;minFanout=0.2;nNodes=0;minCapacity=9;maxCapacity=27 WINDOW_RESULTS=1000
XTR-P-2	CUBE(1.0,0.0,null)	3	64	100000	0	12289784	122	22	43	430	1894	1868	1560	2026	0	0	0	0	0	0	0	0	7698	4	0	0	0	1006449	1004026	1000	1000	0	0	0.0	0.0	0.0	0.0	0	0	-859	2	-800	94	0	0	0	0	0	0	0	0	XTreeXXL2;maxOverlap=0.2;minFanout=0.2;nNodes=0;minCapacity=9;maxCapacity=27 WINDOW_RESULTS=1000
XTR-P-0	CUBE(1.0,0.0,null)	3	64	500000	0	72639096	145	65	43	86	9538	9506	8818	11733	0	0	0	0	0	0	3	6	23081	4	0	0	0	999808	999599	1000	1000	0	0	0.0	0.0	0.0	0.0	0	0	-4011	18	-4891	2826	0	0	0	0	0	0	0	0	XTreeXXL2;maxOverlap=0.2;minFanout=0.2;nNodes=0;minCapacity=9;maxCapacity=27 WINDOW_RESULTS=1000
XTR-P-1	CUBE(1.0,0.0,null)	3	64	500000	0	72641424	145	75	77	154	9477	9455	8537	11626	0	0	0	0	0	0	4	8	23081	4	0	0	0	1001392	1002990	1000	1000	0	0	0.0	0.0	0.0	0.0	0	0	-4011	20	-4819	116	0	0	0	0	0	0	0	0	XTreeXXL2;maxOverlap=0.2;minFanout=0.2;nNodes=0;minCapacity=9;maxCapacity=27 WINDOW_RESULTS=1000
XTR-P-2	CUBE(1.0,0.0,null)	3	64	500000	0	72641424	145	63	81	162	9491	9459	8513	11236	0	0	0	0	0	0	3	6	23081	4	0	0	0	1002892	1003271	1000	1000	0	0	0.0	0.0	0.0	0.0	0	0	-4011	16	-4599	1456	0	0	0	0	0	0	0	0	XTreeXXL2;maxOverlap=0.2;minFanout=0.2;nNodes=0;minCapacity=9;maxCapacity=27 WINDOW_RESULTS=1000
XTR-P-0	CUBE(1.0,0.0,null)	3	64	1000000	0	148130872	148	92	258	258	31474	32470	31015	32692	0	0	0	0	0	0	5	5	42313	5	0	0	0	999455	999477	1000	1000	0	0	0.0	0.0	0.0	0.0	70	254	-7735	34	-8099	4200	0	0	0	0	0	0	0	0	XTreeXXL2;maxOverlap=0.2;minFanout=0.2;nNodes=0;minCapacity=9;maxCapacity=27 WINDOW_RESULTS=1000
XTR-P-1	CUBE(1.0,0.0,null)	3	64	1000000	0	148128544	148	55	249	249	31408	31507	29589	31364	0	0	0	0	0	0	5	5	42313	5	0	0	0	1001150	1002958	1000	1000	0	0	0.0	0.0	0.0	0.0	70	254	-7735	32	-7827	4214	0	0	0	0	0	0	0	0	XTreeXXL2;maxOverlap=0.2;minFanout=0.2;nNodes=0;minCapacity=9;maxCapacity=27 WINDOW_RESULTS=1000
XTR-P-2	CUBE(1.0,0.0,null)	3	64	1000000	0	148130872	148	90	278	278	31633	31419	28429	33062	0	0	0	0	0	0	5	5	42313	5	0	0	0	1001034	1000848	1000	1000	0	0	0.0	0.0	0.0	0.0	70	252	-7735	32	-8091	4202	0	0	0	0	0	0	0	0	XTreeXXL2;maxOverlap=0.2;minFanout=0.2;nNodes=0;minCapacity=9;maxCapacity=27 WINDOW_RESULTS=1000
XTR-P-0	CUBE(1.0,0.0,null)	3	64	5000000	0	751559016	150	296	1283	256	124749	124635	126848	128327	0	0	0	0	0	0	19	3	196160	5	0	0	0	1001517	1001484	1000	1000	0	0	0.0	0.0	0.0	0.0	134	1604	-37973	98	-36720	342	0	0	0	0	0	0	0	0	XTreeXXL2;maxOverlap=0.2;minFanout=0.2;nNodes=0;minCapacity=9;maxCapacity=27 WINDOW_RESULTS=1000
XTR-P-1	CUBE(1.0,0.0,null)	3	64	5000000	0	751560704	150	296	1221	244	125950	125982	122647	134429	0	0	0	0	0	0	21	4	196160	5	0	0	0	1000134	1001791	1000	1000	0	0	0.0	0.0	0.0	0.0	132	1584	-37973	90	-37837	304	0	0	0	0	0	0	0	0	XTreeXXL2;maxOverlap=0.2;minFanout=0.2;nNodes=0;minCapacity=9;maxCapacity=27 WINDOW_RESULTS=1000
XTR-P-2	CUBE(1.0,0.0,null)	3	64	5000000	0	751559016	150	302	1234	246	130589	130576	126147	136540	0	0	0	0	0	0	19	3	196160	5	0	0	0	1000930	1000140	1000	1000	0	0	0.0	0.0	0.0	0.0	133	1598	-39090	90	-37837	294	0	0	0	0	0	0	0	0	XTreeXXL2;maxOverlap=0.2;minFanout=0.2;nNodes=0;minCapacity=9;maxCapacity=27 WINDOW_RESULTS=1000
XTR-P-0	CUBE(1.0,0.0,null)	3	64	10000000	0	1506929272	150	579	2471	247	236326	235993	235736	247361	0	0	0	0	0	0	35	3	388467	5	0	0	0	1000498	1001604	1000	1000	0	0	0.0	0.0	0.0	0.0	217	3164	-74829	314	-75810	612	0	0	0	0	0	0	0	0	XTreeXXL2;maxOverlap=0.2;minFanout=0.2;nNodes=0;minCapacity=9;maxCapacity=27 WINDOW_RESULTS=1000
XTR-P-1	CUBE(1.0,0.0,null)	3	64	10000000	0	1506929272	150	570	2444	244	233826	235124	239363	249322	0	0	0	0	0	0	35	3	388467	5	0	0	0	1001840	1001787	1000	1000	0	0	0.0	0.0	0.0	0.0	216	3178	-74829	314	-73576	580	0	0	0	0	0	0	0	0	XTreeXXL2;maxOverlap=0.2;minFanout=0.2;nNodes=0;minCapacity=9;maxCapacity=27 WINDOW_RESULTS=1000
XTR-P-2	CUBE(1.0,0.0,null)	3	64	10000000	0	1506930456	150	581	2429	242	232937	233379	239130	240215	0	0	0	0	0	0	35	3	388467	5	0	0	0	1002033	1000964	1000	1000	0	0	0.0	0.0	0.0	0.0	216	3154	-74829	298	-73635	466	0	0	0	0	0	0	0	0	XTreeXXL2;maxOverlap=0.2;minFanout=0.2;nNodes=0;minCapacity=9;maxCapacity=27 WINDOW_RESULTS=1000
XTR-P-0	CUBE(1.0,0.0,null)	3	64	25000000	0	3770165496	150	1491	6322	252	604409	603708	630199	639267	0	0	0	0	0	0	78	3	965391	6	0	0	0	1001334	1001250	1000	1000	0	0	0.0	0.0	0.0	0.0	510	8372	-183165	1918	-188613	2208	0	0	0	0	0	0	0	0	XTreeXXL2;maxOverlap=0.2;minFanout=0.2;nNodes=0;minCapacity=9;maxCapacity=27 WINDOW_RESULTS=1000
XTR-P-1	CUBE(1.0,0.0,null)	3	64	25000000	0	3770165384	150	1483	6448	257	627880	625343	653168	635509	0	0	0	0	0	0	75	3	965391	6	0	0	0	1001643	1002307	1000	1000	0	0	0.0	0.0	0.0	0.0	490	8488	-183165	1932	-184146	2094	0	0	0	0	0	0	0	0	XTreeXXL2;maxOverlap=0.2;minFanout=0.2;nNodes=0;minCapacity=9;maxCapacity=27 WINDOW_RESULTS=1000
XTR-P-2	CUBE(1.0,0.0,null)	3	64	25000000	0	3770166600	150	1481	6352	254	637878	640616	692661	664309	0	0	0	0	0	0	77	3	965391	6	0	0	0	1000468	1002266	1000	1000	0	0	0.0	0.0	0.0	0.0	507	8452	-184282	1922	-187497	2192	0	0	0	0	0	0	0	0	XTreeXXL2;maxOverlap=0.2;minFanout=0.2;nNodes=0;minCapacity=9;maxCapacity=27 WINDOW_RESULTS=1000
