Index	data	dim	bits	N	calcMem	memory	memory/n	gen	load	load/n	q1/n	q2/n	pq1/n	pq2/n	up1/n	up2/n	1-NN1	1-NN2	10-NN1	10-NN2	unload	unload/n	nodes	postLen	AHC	NT	NTinternal	q1-n	q2-n	q1p-n	q2p-n	up1-n	up2-n	d1-1NN	d2-1NN	d1-kNN	d2-kNN	load-s	load-t	w-query-s	w-query-t	p-query-s	p-query-t	update-s	update-t	1-NN-s	1-NN-t	10-NN-s	10-NN-t	unload-s	unload-t	msg	
% Averages
% ========
RSS-R-AVG-3/3	CUBE(1.0,0.0,null)	2	64	1000000	0	130191248	130	86	6833	6833	257	235	2039	2096	0	0	7266	7233	10033	10733	0	0	0	0	0	0	0	1000435	1000149	499857	499609	0	0	4.94892318913369E-4	4.954407377314921E-4	0.0012324075374053574	0.0012288271608431175	-5448	558	-261	1	26	1989	0	0	0	0	-303	2	0	0	R*Tree-Seeger2;capacityDir=10;capacityData=10;dataNodes=177402;dirNodes=38998 WINDOW_RESULTS=1000 KNN_REPEAT=10000
RSS-R-AVG-3/3	CUBE(1.0,0.0,null)	3	64	1000000	0	149358792	149	157	9839	9839	459	436	3835	4020	0	0	19666	19466	24433	23933	0	0	0	0	0	0	0	1000073	999788	499367	499934	0	0	0.005523118869848683	0.005547743499434421	0.010279976642227327	0.0102945841773302	-7118	640	-262	1	138	9967	0	0	0	0	0	0	0	0	R*Tree-Seeger2;capacityDir=10;capacityData=10;dataNodes=173593;dirNodes=38366 WINDOW_RESULTS=1000 KNN_REPEAT=10000
RSS-R-AVG-3/3	CUBE(1.0,0.0,null)	4	64	1000000	0	168176973	168	186	13435	13435	1016	993	6040	6244	0	0	57000	51666	62333	60333	0	0	0	0	0	0	0	1000715	1001558	499679	500204	0	0	0.019478558970249294	0.019290693761570856	0.03110838444096227	0.03118893988217669	-8515	696	-653	2	106	11138	0	0	0	0	0	0	0	0	R*Tree-Seeger2;capacityDir=10;capacityData=10;dataNodes=170528;dirNodes=37928 WINDOW_RESULTS=1000 KNN_REPEAT=1000
RSS-R-AVG-3/3	CUBE(1.0,0.0,null)	5	64	1000000	0	187055090	187	224	16533	16533	2759	2750	18134	18101	0	0	237000	228333	284666	291666	0	0	0	0	0	0	0	1000080	1000328	499592	500742	0	0	0.04257312792881887	0.04225259800006063	0.06222102109910444	0.062305195349655236	-9911	698	-1571	5	-268	13141	0	0	0	0	0	0	0	0	R*Tree-Seeger2;capacityDir=10;capacityData=10;dataNodes=168336;dirNodes=37602 WINDOW_RESULTS=1000 KNN_REPEAT=1000
RSS-R-AVG-3/3	CUBE(1.0,0.0,null)	6	64	1000000	0	205982938	205	247	20147	20147	6116	6136	27924	28525	0	0	546666	564333	682000	684666	0	0	0	0	0	0	0	1000238	999814	500254	500049	0	0	0.07264554112393223	0.07223185607752756	0.10054276579208177	0.10057451980664374	-11300	753	-3818	14	-280	14614	0	0	-397	32	-409	2	0	0	R*Tree-Seeger2;capacityDir=10;capacityData=10;dataNodes=167195;dirNodes=37354 WINDOW_RESULTS=1000 KNN_REPEAT=1000
RSS-R-AVG-3/3	CUBE(1.0,0.0,null)	8	64	1000000	0	243948749	243	320	26472	26472	20550	20555	60577	59710	0	0	2836000	2686333	4072666	3932333	0	0	0	0	0	0	0	1001547	1001337	499665	499729	0	0	0.14729266936199978	0.1489704633073027	0.1899645577197104	0.19021384036254077	-13931	2557	-16243	54	-241	69114	0	0	-511	2	-1004	4	0	0	R*Tree-Seeger2;capacityDir=10;capacityData=10;dataNodes=165096;dirNodes=37075 WINDOW_RESULTS=1000 KNN_REPEAT=1000
RSS-R-AVG-3/3	CUBE(1.0,0.0,null)	10	64	1000000	0	281841290	281	410	32898	32898	42755	43030	107912	104829	0	0	9618000	9565333	13610666	13637666	0	0	0	0	0	0	0	1001115	1001369	499841	499756	0	0	0.23397508830478228	0.2333900740839677	0.2862068370116524	0.2873308357579245	-16485	3596	-44278	120	-713	10934	0	0	-1791	6	-2978	10	0	0	R*Tree-Seeger2;capacityDir=10;capacityData=10;dataNodes=162776;dirNodes=36535 WINDOW_RESULTS=1000 KNN_REPEAT=1000
RSS-R-AVG-3/3	CUBE(1.0,0.0,null)	12	64	1000000	0	319647213	319	470	40528	40528	74760	75041	166978	169781	0	0	29265000	29551666	37053333	37508333	0	0	0	0	0	0	0	999322	998916	500185	500451	0	0	0.3222451159755723	0.32043995979606915	0.38688573592991077	0.3869969596686686	-19059	4729	-93208	254	-478	151563	0	0	-703	2	-1377	4	0	0	R*Tree-Seeger2;capacityDir=10;capacityData=10;dataNodes=161012;dirNodes=36459 WINDOW_RESULTS=1000 KNN_REPEAT=200
RSS-R-AVG-3/3	CUBE(1.0,0.0,null)	16	64	1000000	0	394031882	393	609	54305	54305	142949	141924	385423	383365	0	0	117336666	116835000	137148333	138200000	0	0	0	0	0	0	0	999767	1001225	499903	500295	0	0	0.5041687369431621	0.4984087842882017	0.5772734364198193	0.5765045578847485	-24139	6498	-230439	579	-962	11235	0	0	-2627	6	-2622	6	0	0	R*Tree-Seeger2;capacityDir=10;capacityData=10;dataNodes=157114;dirNodes=35638 WINDOW_RESULTS=1000 KNN_REPEAT=200
RSS-R-AVG-3/3	CUBE(1.0,0.0,null)	20	64	1000000	0	467786344	467	757	69774	69774	202193	202248	383109	381850	0	0	226830000	229476666	241258333	243015000	0	0	0	0	0	0	0	999836	1000486	500547	500069	0	0	0.6794276956293012	0.6770382921325587	0.7626351880724375	0.760882443663146	-28953	8029	-383991	913	-730	172512	0	0	-3182	10	-3175	10	0	0	R*Tree-Seeger2;capacityDir=10;capacityData=10;dataNodes=154354;dirNodes=34860 WINDOW_RESULTS=1000 KNN_REPEAT=200
RSS-R-AVG-3/3	CUBE(1.0,0.0,null)	24	64	1000000	0	540113856	540	917	86574	86574	252372	253322	495809	499371	0	0	341618333	349320000	333430000	332038333	0	0	0	0	0	0	0	1000871	1001230	500265	500273	0	0	0.8350647708538972	0.8464943798465742	0.9287674270345195	0.932229298650148	-34423	4738	-558059	1469	-1349	239892	0	0	-3350	10	-3350	12	0	0	R*Tree-Seeger2;capacityDir=10;capacityData=10;dataNodes=151034;dirNodes=33492 WINDOW_RESULTS=1000 KNN_REPEAT=200
RSS-R-AVG-3/3	CUBE(1.0,0.0,null)	28	64	1000000	0	613544680	613	1105	104119	104119	301380	301887	563109	567567	0	0	413815000	413865000	375461666	376880000	0	0	0	0	0	0	0	1001087	1000305	500156	500441	0	0	0.9971175734682173	0.9969182483888445	1.0898575404672828	1.090424500661017	-39308	5225	-735268	2132	-1999	11528	0	0	-3350	12	-3350	12	0	0	R*Tree-Seeger2;capacityDir=10;capacityData=10;dataNodes=148722;dirNodes=32483 WINDOW_RESULTS=1000 KNN_REPEAT=200
% Measurements
% ============
RSS-R-0	CUBE(1.0,0.0,null)	2	64	1000000	0	130212368	130	110	6847	6847	247	231	1870	1913	0	0	6500	6500	8100	10000	0	0	0	0	0	0	0	999812	1000329	499776	499530	0	0	4.938919126790735E-4	4.94759149602912E-4	0.001229864404770716	0.0012311908024222947	-5448	552	-260	0	26	1890	0	0	0	0	-303	2	0	0	R*Tree-Seeger2;capacityDir=10;capacityData=10;dataNodes=177485;dirNodes=39085 WINDOW_RESULTS=1000 KNN_REPEAT=10000
RSS-R-1	CUBE(1.0,0.0,null)	2	64	1000000	0	130173232	130	75	6743	6743	268	237	2292	2352	0	0	8400	8400	10700	11700	0	0	0	0	0	0	0	1000940	999734	500032	500431	0	0	4.980522135619751E-4	4.959009261574002E-4	0.001233432473056137	0.0012286544940589685	-5449	548	-260	2	26	2182	0	0	0	0	-67	2650	0	0	R*Tree-Seeger2;capacityDir=10;capacityData=10;dataNodes=177240;dirNodes=39050 WINDOW_RESULTS=1000 KNN_REPEAT=10000
RSS-R-2	CUBE(1.0,0.0,null)	2	64	1000000	0	130188144	130	74	6909	6909	258	237	1957	2025	0	0	6900	6800	11300	10500	0	0	0	0	0	0	0	1000554	1000384	499763	498866	0	0	4.927328304990584E-4	4.956621374341642E-4	0.0012339257343892194	0.0012266361860480894	-5447	576	-263	2	26	1896	0	0	0	0	-136	2190	0	0	R*Tree-Seeger2;capacityDir=10;capacityData=10;dataNodes=177402;dirNodes=38998 WINDOW_RESULTS=1000 KNN_REPEAT=10000
RSS-R-0	CUBE(1.0,0.0,null)	3	64	1000000	0	149339528	149	139	9846	9846	464	435	4136	4273	0	0	21700	20600	25200	25100	0	0	0	0	0	0	0	998947	1000004	499015	499629	0	0	0.0055322687225152975	0.005549452337904086	0.010306759771389869	0.010280836349791177	-7121	636	-262	2	145	10772	0	0	0	0	0	0	0	0	R*Tree-Seeger2;capacityDir=10;capacityData=10;dataNodes=173380;dirNodes=38425 WINDOW_RESULTS=1000 KNN_REPEAT=10000
RSS-R-1	CUBE(1.0,0.0,null)	3	64	1000000	0	149372072	149	169	9849	9849	449	430	3394	3608	0	0	17900	18300	23200	22800	0	0	0	0	0	0	0	999842	998620	499253	500338	0	0	0.005545107295248198	0.005552241363654294	0.010275292286884492	0.010320092935684522	-7117	640	-262	2	130	8666	0	0	-300	2	-302	2	0	0	R*Tree-Seeger2;capacityDir=10;capacityData=10;dataNodes=173593;dirNodes=38414 WINDOW_RESULTS=1000 KNN_REPEAT=10000
RSS-R-2	CUBE(1.0,0.0,null)	3	64	1000000	0	149364776	149	165	9824	9824	466	443	3977	4179	0	0	19400	19500	24900	23900	0	0	0	0	0	0	0	1001431	1000740	499833	499837	0	0	0.005491980591782553	0.00554153679674488	0.010257877868407619	0.010282823246514902	-7117	644	-262	0	140	10464	0	0	0	0	0	0	0	0	R*Tree-Seeger2;capacityDir=10;capacityData=10;dataNodes=173593;dirNodes=38366 WINDOW_RESULTS=1000 KNN_REPEAT=10000
RSS-R-0	CUBE(1.0,0.0,null)	4	64	1000000	0	168187544	168	172	13360	13360	993	960	5618	5813	0	0	48000	51000	53000	53000	0	0	0	0	0	0	0	1000312	1000020	499427	499737	0	0	0.019350455939598325	0.019119393550429638	0.031036988600298816	0.031192905757627176	-8518	690	-653	2	91	9596	0	0	0	0	0	0	0	0	R*Tree-Seeger2;capacityDir=10;capacityData=10;dataNodes=170755;dirNodes=37968 WINDOW_RESULTS=1000 KNN_REPEAT=1000
RSS-R-1	CUBE(1.0,0.0,null)	4	64	1000000	0	168199552	168	194	13491	13491	992	976	5798	6027	0	0	56000	47000	58000	60000	0	0	0	0	0	0	0	1000854	1002341	500009	500955	0	0	0.019378732128845843	0.019297600951690475	0.031174960097569048	0.031087923478640884	-8516	704	-653	4	104	10460	0	0	0	0	0	0	0	0	R*Tree-Seeger2;capacityDir=10;capacityData=10;dataNodes=170726;dirNodes=38063 WINDOW_RESULTS=1000 KNN_REPEAT=1000
RSS-R-2	CUBE(1.0,0.0,null)	4	64	1000000	0	168143824	168	193	13455	13455	1064	1043	6704	6894	0	0	67000	57000	76000	68000	0	0	0	0	0	0	0	1000981	1002313	499603	499920	0	0	0.019706488842303714	0.019455086782592453	0.03111320462501894	0.03128599041026202	-8510	694	-653	0	123	13360	0	0	0	0	0	0	0	0	R*Tree-Seeger2;capacityDir=10;capacityData=10;dataNodes=170528;dirNodes=37928 WINDOW_RESULTS=1000 KNN_REPEAT=1000
RSS-R-0	CUBE(1.0,0.0,null)	5	64	1000000	0	187072088	187	211	16260	16260	2805	2822	18823	18922	0	0	247000	251000	302000	272000	0	0	0	0	0	0	0	999505	999267	499772	501500	0	0	0.04235519714118428	0.041934563391818495	0.062054541179288346	0.06260594987230471	-9908	692	-1813	8	-283	62	0	0	0	0	0	0	0	0	R*Tree-Seeger2;capacityDir=10;capacityData=10;dataNodes=168345;dirNodes=37623 WINDOW_RESULTS=1000 KNN_REPEAT=1000
RSS-R-1	CUBE(1.0,0.0,null)	5	64	1000000	0	187025504	187	211	16580	16580	2773	2732	17715	18022	0	0	262000	245000	273000	331000	0	0	0	0	0	0	0	999133	1000670	499552	500279	0	0	0.0431073176929662	0.042816738975008914	0.06210247853729173	0.06199146970001135	-9920	688	-1450	4	-188	21588	0	0	0	0	-342	4976	0	0	R*Tree-Seeger2;capacityDir=10;capacityData=10;dataNodes=168272;dirNodes=37443 WINDOW_RESULTS=1000 KNN_REPEAT=1000
RSS-R-2	CUBE(1.0,0.0,null)	5	64	1000000	0	187067680	187	250	16759	16759	2700	2698	17865	17361	0	0	202000	189000	279000	272000	0	0	0	0	0	0	0	1001603	1001047	499453	500448	0	0	0.04225686895230613	0.04200649163335447	0.06250604358073325	0.06231816647664965	-9906	714	-1450	4	-333	17774	0	0	0	0	0	0	0	0	R*Tree-Seeger2;capacityDir=10;capacityData=10;dataNodes=168336;dirNodes=37602 WINDOW_RESULTS=1000 KNN_REPEAT=1000
RSS-R-0	CUBE(1.0,0.0,null)	6	64	1000000	0	205880184	205	239	20013	20013	6433	6419	30274	30117	0	0	553000	567000	753000	762000	0	0	0	0	0	0	0	998173	997367	499655	499801	0	0	0.07307994948897079	0.07179729294746698	0.10057419327029864	0.10132781419803094	-11302	742	-4090	14	-300	74	0	0	-397	32	-409	2	0	0	R*Tree-Seeger2;capacityDir=10;capacityData=10;dataNodes=166424;dirNodes=37129 WINDOW_RESULTS=1000 KNN_REPEAT=1000
RSS-R-1	CUBE(1.0,0.0,null)	6	64	1000000	0	205985376	205	244	20040	20040	6114	6064	29477	28676	0	0	584000	615000	705000	706000	0	0	0	0	0	0	0	1001007	1000249	500671	500083	0	0	0.07200796508897925	0.07220654318243533	0.10044532708638691	0.10015382207086301	-11300	758	-3681	14	-345	11028	0	0	-397	26	0	0	0	0	R*Tree-Seeger2;capacityDir=10;capacityData=10;dataNodes=166770;dirNodes=37258 WINDOW_RESULTS=1000 KNN_REPEAT=1000
RSS-R-2	CUBE(1.0,0.0,null)	6	64	1000000	0	206083256	206	260	20390	20390	5802	5926	24021	26784	0	0	503000	511000	588000	586000	0	0	0	0	0	0	0	1001535	1001826	500437	500263	0	0	0.07284870879384665	0.07269173210268037	0.10060877701955973	0.10024192315103726	-11298	760	-3682	14	-196	32742	0	0	-65	7702	0	0	0	0	R*Tree-Seeger2;capacityDir=10;capacityData=10;dataNodes=167195;dirNodes=37354 WINDOW_RESULTS=1000 KNN_REPEAT=1000
RSS-R-0	CUBE(1.0,0.0,null)	8	64	1000000	0	243764448	243	302	26656	26656	21185	21177	72502	67212	0	0	2875000	2744000	4551000	4279000	0	0	0	0	0	0	0	1002692	1001420	499639	500213	0	0	0.14839861947809846	0.14925769190489396	0.19032041141980172	0.19018677418488394	-13936	2540	-17076	56	-231	75884	0	0	-511	2	-1004	4	0	0	R*Tree-Seeger2;capacityDir=10;capacityData=10;dataNodes=164254;dirNodes=36649 WINDOW_RESULTS=1000 KNN_REPEAT=1000
RSS-R-1	CUBE(1.0,0.0,null)	8	64	1000000	0	244021464	244	346	25955	25955	19704	19724	50899	53569	0	0	2744000	2651000	3681000	3652000	0	0	0	0	0	0	0	1001300	1000943	499690	499521	0	0	0.14704368624254469	0.14800178896403393	0.18952611990785984	0.1904501645415761	-13938	2532	-15574	54	-241	65692	0	0	-511	0	-1004	4	0	0	R*Tree-Seeger2;capacityDir=10;capacityData=10;dataNodes=164924;dirNodes=37088 WINDOW_RESULTS=1000 KNN_REPEAT=1000
RSS-R-2	CUBE(1.0,0.0,null)	8	64	1000000	0	244060336	244	312	26807	26807	20762	20766	58330	58351	0	0	2889000	2664000	3986000	3866000	0	0	0	0	0	0	0	1000651	1001649	499666	499454	0	0	0.14643570236535616	0.1496519090529802	0.19004714183146967	0.19000458236116236	-13919	2600	-16080	54	-251	65766	0	0	-511	2	-1004	4	0	0	R*Tree-Seeger2;capacityDir=10;capacityData=10;dataNodes=165096;dirNodes=37075 WINDOW_RESULTS=1000 KNN_REPEAT=1000
RSS-R-0	CUBE(1.0,0.0,null)	10	64	1000000	0	281959896	281	407	33642	33642	42757	43048	87792	83359	0	0	9307000	9405000	12783000	12856000	0	0	0	0	0	0	0	1001638	1002505	500075	499248	0	0	0.23488862881130093	0.23291877194120933	0.2879844051061243	0.28774380250191567	-16486	3616	-43487	122	-762	11046	0	0	-1791	6	-2978	10	0	0	R*Tree-Seeger2;capacityDir=10;capacityData=10;dataNodes=163329;dirNodes=36769 WINDOW_RESULTS=1000 KNN_REPEAT=1000
RSS-R-1	CUBE(1.0,0.0,null)	10	64	1000000	0	281811832	281	388	32048	32048	40004	40047	81202	80992	0	0	7231000	7105000	11603000	11471000	0	0	0	0	0	0	0	1001345	1001569	499927	499664	0	0	0.23413798586958884	0.2333226019865439	0.28504585683986	0.2873393902443945	-16486	3550	-41700	106	-803	10798	0	0	-1207	4	-2382	8	0	0	R*Tree-Seeger2;capacityDir=10;capacityData=10;dataNodes=162868;dirNodes=36676 WINDOW_RESULTS=1000 KNN_REPEAT=1000
RSS-R-2	CUBE(1.0,0.0,null)	10	64	1000000	0	281752144	281	435	33005	33005	45505	45997	154744	150136	0	0	12316000	12186000	16446000	16586000	0	0	0	0	0	0	0	1000362	1000035	499523	500356	0	0	0.23289865023345704	0.23392884832414987	0.2855902490889729	0.2869093145274634	-16482	3622	-47646	134	-573	10960	0	0	-2382	8	-4168	16	0	0	R*Tree-Seeger2;capacityDir=10;capacityData=10;dataNodes=162776;dirNodes=36535 WINDOW_RESULTS=1000 KNN_REPEAT=1000
RSS-R-0	CUBE(1.0,0.0,null)	12	64	1000000	0	319669688	319	502	40051	40051	72571	73805	131179	137096	0	0	26065000	23820000	32700000	34845000	0	0	0	0	0	0	0	1000531	999585	500169	500161	0	0	0.3234688530213552	0.32011956553525844	0.389505039415475	0.38290566927022945	-19047	4686	-90230	264	-279	186720	0	0	-703	2	-1377	4	0	0	R*Tree-Seeger2;capacityDir=10;capacityData=10;dataNodes=161258;dirNodes=36370 WINDOW_RESULTS=1000 KNN_REPEAT=200
RSS-R-1	CUBE(1.0,0.0,null)	12	64	1000000	0	319648728	319	449	40709	40709	74650	73358	167083	162348	0	0	29045000	31190000	38215000	37980000	0	0	0	0	0	0	0	999997	999853	500624	500898	0	0	0.32080740367625915	0.3193261682072209	0.3850528871443336	0.38903686773200247	-19062	4772	-91607	244	-862	17652	0	0	-699	2	-1377	4	0	0	R*Tree-Seeger2;capacityDir=10;capacityData=10;dataNodes=161140;dirNodes=36417 WINDOW_RESULTS=1000 KNN_REPEAT=200
RSS-R-2	CUBE(1.0,0.0,null)	12	64	1000000	0	319623224	319	460	40826	40826	77061	77960	202673	209899	0	0	32685000	33645000	40245000	39700000	0	0	0	0	0	0	0	997440	997311	499762	500295	0	0	0.32245909122910255	0.32187414564572825	0.38609928122992376	0.38904834200377375	-19068	4730	-97788	256	-291	250318	0	0	-702	2	-1377	4	0	0	R*Tree-Seeger2;capacityDir=10;capacityData=10;dataNodes=161012;dirNodes=36459 WINDOW_RESULTS=1000 KNN_REPEAT=200
RSS-R-0	CUBE(1.0,0.0,null)	16	64	1000000	0	394166160	394	581	54697	54697	140967	137684	357250	341241	0	0	113610000	113525000	132500000	134335000	0	0	0	0	0	0	0	1003317	1003600	499747	499819	0	0	0.5083530052393664	0.4999127576989122	0.5744243475872829	0.5755821870353819	-24153	6500	-222025	546	-814	11136	0	0	-2627	6	-2622	6	0	0	R*Tree-Seeger2;capacityDir=10;capacityData=10;dataNodes=157624;dirNodes=35651 WINDOW_RESULTS=1000 KNN_REPEAT=200
RSS-R-1	CUBE(1.0,0.0,null)	16	64	1000000	0	394002352	394	601	54818	54818	141945	139429	373869	384597	0	0	113395000	115915000	133560000	133595000	0	0	0	0	0	0	0	997811	1000471	500340	500478	0	0	0.499648051954747	0.4983379301424282	0.5788066969337983	0.5766347860147238	-24138	6600	-228984	582	-890	11438	0	0	-2628	8	-2621	8	0	0	R*Tree-Seeger2;capacityDir=10;capacityData=10;dataNodes=157340;dirNodes=35621 WINDOW_RESULTS=1000 KNN_REPEAT=200
RSS-R-2	CUBE(1.0,0.0,null)	16	64	1000000	0	393927136	393	645	53400	53400	145936	148660	425151	424257	0	0	125005000	121065000	145385000	146670000	0	0	0	0	0	0	0	998173	999606	499624	500589	0	0	0.5045051536353728	0.4969756650232646	0.5785892647383767	0.5772967006041397	-24127	6396	-240310	610	-1182	11132	0	0	-2628	10	-2621	6	0	0	R*Tree-Seeger2;capacityDir=10;capacityData=10;dataNodes=157114;dirNodes=35638 WINDOW_RESULTS=1000 KNN_REPEAT=200
RSS-R-0	CUBE(1.0,0.0,null)	20	64	1000000	0	467528680	467	747	69356	69356	195172	191977	327851	327929	0	0	214905000	219190000	228850000	230195000	0	0	0	0	0	0	0	1001236	1001842	500000	500237	0	0	0.6786247071373442	0.671521385027964	0.7602102108540154	0.7652371692486138	-28948	8006	-379967	922	-1082	11320	0	0	-3182	10	-3175	10	0	0	R*Tree-Seeger2;capacityDir=10;capacityData=10;dataNodes=153927;dirNodes=34339 WINDOW_RESULTS=1000 KNN_REPEAT=200
RSS-R-1	CUBE(1.0,0.0,null)	20	64	1000000	0	467840184	467	764	71098	71098	204263	204664	348763	367809	0	0	220065000	227090000	242025000	238800000	0	0	0	0	0	0	0	1002693	1000705	500830	500669	0	0	0.6801443992880946	0.6808944165980393	0.7661593516588978	0.757064462810773	-28960	8138	-380155	910	-400	506054	0	0	-3178	10	-3176	10	0	0	R*Tree-Seeger2;capacityDir=10;capacityData=10;dataNodes=154237;dirNodes=34622 WINDOW_RESULTS=1000 KNN_REPEAT=200
RSS-R-2	CUBE(1.0,0.0,null)	20	64	1000000	0	467990168	467	760	68870	68870	207146	210103	472715	449813	0	0	245520000	242150000	252900000	260050000	0	0	0	0	0	0	0	995580	998911	500812	499302	0	0	0.6795139804624646	0.678699074771673	0.761536001704399	0.7603456989300512	-28950	7944	-391852	908	-708	164	0	0	-3183	8	-3177	6	0	0	R*Tree-Seeger2;capacityDir=10;capacityData=10;dataNodes=154354;dirNodes=34860 WINDOW_RESULTS=1000 KNN_REPEAT=200
RSS-R-0	CUBE(1.0,0.0,null)	24	64	1000000	0	540182112	540	901	85490	85490	251520	256528	551365	573921	0	0	352670000	345990000	331215000	328720000	0	0	0	0	0	0	0	1001129	1001414	500217	500169	0	0	0.8369298036945413	0.8465382498019138	0.9196910204615705	0.9293151200980467	-34427	4670	-562898	1440	-1249	11588	0	0	-3350	10	-3350	12	0	0	R*Tree-Seeger2;capacityDir=10;capacityData=10;dataNodes=151157;dirNodes=33513 WINDOW_RESULTS=1000 KNN_REPEAT=200
RSS-R-1	CUBE(1.0,0.0,null)	24	64	1000000	0	540047616	540	936	86796	86796	256481	257867	528233	528064	0	0	344095000	354705000	337585000	335740000	0	0	0	0	0	0	0	1001329	1003414	501149	500384	0	0	0.8395854266548856	0.8461306373195622	0.929628884471494	0.926330183780306	-34416	4746	-562898	1506	-1197	696776	0	0	-3349	30	-3350	12	0	0	R*Tree-Seeger2;capacityDir=10;capacityData=10;dataNodes=150990;dirNodes=33404 WINDOW_RESULTS=1000 KNN_REPEAT=200
RSS-R-2	CUBE(1.0,0.0,null)	24	64	1000000	0	540111840	540	915	87437	87437	249117	245571	407829	396128	0	0	328090000	347265000	331490000	331655000	0	0	0	0	0	0	0	1000155	998863	499430	500267	0	0	0.8286790822122648	0.8468142524182466	0.9369823761704943	0.9410425920720913	-34425	4798	-548379	1462	-1602	11314	0	0	-3358	10	-3350	12	0	0	R*Tree-Seeger2;capacityDir=10;capacityData=10;dataNodes=151034;dirNodes=33492 WINDOW_RESULTS=1000 KNN_REPEAT=200
RSS-R-0	CUBE(1.0,0.0,null)	28	64	1000000	0	613650176	613	1074	105310	105310	307927	311414	699148	705241	0	0	420465000	419155000	380205000	381925000	0	0	0	0	0	0	0	999121	999176	500583	500546	0	0	0.9995937687716249	0.9902369628072143	1.0862856693176002	1.0932653350004873	-39306	5278	-750531	2210	-2211	11620	0	0	-3350	12	-3350	12	0	0	R*Tree-Seeger2;capacityDir=10;capacityData=10;dataNodes=148740;dirNodes=32601 WINDOW_RESULTS=1000 KNN_REPEAT=200
RSS-R-1	CUBE(1.0,0.0,null)	28	64	1000000	0	613408728	613	1154	104637	104637	301520	297590	528653	523122	0	0	418580000	418035000	381730000	382695000	0	0	0	0	0	0	0	1001540	999942	500020	500588	0	0	0.9913623518748345	0.9939838649941579	1.0865581856518207	1.094550456990919	-39307	5244	-729311	2124	-1514	11320	0	0	-3350	12	-4467	16	0	0	R*Tree-Seeger2;capacityDir=10;capacityData=10;dataNodes=148560;dirNodes=32344 WINDOW_RESULTS=1000 KNN_REPEAT=200
RSS-R-2	CUBE(1.0,0.0,null)	28	64	1000000	0	613575136	613	1087	102410	102410	294693	296658	461528	474339	0	0	402400000	404405000	364450000	366020000	0	0	0	0	0	0	0	1002600	1001797	499867	500190	0	0	1.0003965997581927	1.006533917365161	1.0967287664324274	1.0834577099916447	-39312	5154	-725960	2062	-2271	11644	0	0	-3351	12	-3350	12	0	0	R*Tree-Seeger2;capacityDir=10;capacityData=10;dataNodes=148722;dirNodes=32483 WINDOW_RESULTS=1000 KNN_REPEAT=200
