Index	data	dim	bits	N	calcMem	memory	memory/n	gen	load	load/n	q1/n	q2/n	pq1/n	pq2/n	up1/n	up2/n	1-NN1	1-NN2	10-NN1	10-NN2	unload	unload/n	nodes	postLen	AHC	NT	NTinternal	q1-n	q2-n	q1p-n	q2p-n	up1-n	up2-n	d1-1NN	d2-1NN	d1-kNN	d2-kNN	load-s	load-t	w-query-s	w-query-t	p-query-s	p-query-t	update-s	update-t	1-NN-s	1-NN-t	10-NN-s	10-NN-t	unload-s	unload-t	msg	
% Averages
% ========
CBZ-P-AVG-3/3	CUBE(1.0,0.0,null)	2	64	1000000	0	82538336	82	88	1250	1250	619	582	1105	1144	2146	2262	0	0	0	0	1358	1358	0	0	0	0	0	999996	1000452	624460	541112	1000000	1000000	0.0	0.0	0.0	0.0	-141	172	0	0	-170	98	-1219	3498	0	0	0	0	-248	102	CritBitKD;OFS=0.0; WINDOW_RESULTS=1000 UPD_DIST=1.0E-4
CBZ-P-AVG-3/3	CUBE(1.0,0.0,null)	3	64	1000000	0	89575293	89	107	1537	1537	1188	1125	1341	1349	2721	2930	0	0	0	0	1727	1727	0	0	0	0	0	1000546	1001094	583057	541071	1000000	1000000	0.0	0.0	0.0	0.0	-151	152	0	0	0	0	-935	4360	0	0	0	0	-252	88	CritBitKD;OFS=0.0; WINDOW_RESULTS=1000 UPD_DIST=1.0E-4
CBZ-P-AVG-3/3	CUBE(1.0,0.0,null)	4	64	1000000	0	97295509	97	130	1795	1795	2457	2388	1618	1670	3404	3424	0	0	0	0	1981	1981	0	0	0	0	0	999759	999830	562362	537040	1000000	1000000	0.0	0.0	0.0	0.0	-158	94	0	0	130	1085	-1397	4590	0	0	0	0	-314	4949	CritBitKD;OFS=0.0; WINDOW_RESULTS=1000 UPD_DIST=1.0E-4
CBZ-P-AVG-3/3	CUBE(1.0,0.0,null)	5	64	1000000	0	99453946	99	140	2115	2115	5543	5504	1914	1897	4100	4065	0	0	0	0	2211	2211	0	0	0	0	0	1000111	1000222	549572	533286	1000000	1000000	0.0	0.0	0.0	0.0	-165	80	0	0	-2	2608	-1679	2196	0	0	0	0	-238	104	CritBitKD;OFS=0.0; WINDOW_RESULTS=1000 UPD_DIST=1.0E-4
CBZ-P-AVG-3/3	CUBE(1.0,0.0,null)	6	64	1000000	0	107568658	107	189	2364	2364	10890	10997	2242	2203	4583	4597	0	0	0	0	2597	2597	0	0	0	0	0	1001031	1000759	541046	529634	1000000	1000000	0.0	0.0	0.0	0.0	-170	82	0	0	-107	1952	-1286	1820	0	0	0	0	-428	1375	CritBitKD;OFS=0.0; WINDOW_RESULTS=1000 UPD_DIST=1.0E-4
CBZ-P-AVG-3/3	CUBE(1.0,0.0,null)	8	64	1000000	0	125116741	125	192	2997	2997	45195	45246	2826	2901	6137	6146	0	0	0	0	3407	3407	0	0	0	0	0	1001334	1001940	530931	524479	1000000	1000000	0.0	0.0	0.0	0.0	-335	164	-251	2	-277	3064	-2054	631	0	0	0	0	-460	164	CritBitKD;OFS=0.0; WINDOW_RESULTS=1000 UPD_DIST=1.0E-4
CBZ-P-AVG-3/3	CUBE(1.0,0.0,null)	10	64	1000000	0	142792722	142	236	3765	3765	132391	128253	3486	3494	7428	7488	0	0	0	0	4167	4167	0	0	0	0	0	1001279	1001084	524673	521258	1000000	1000000	0.0	0.0	0.0	0.0	-343	152	-267	0	-220	50	-2929	10004	0	0	0	0	-489	163	CritBitKD;OFS=0.0; WINDOW_RESULTS=1000 UPD_DIST=1.0E-4
CBZ-P-AVG-3/3	CUBE(1.0,0.0,null)	12	64	1000000	0	152581482	152	262	4348	4348	275386	275738	3935	4044	8268	8426	0	0	0	0	4568	4568	0	0	0	0	0	1002350	1001650	521060	517711	1000000	1000000	0.0	0.0	0.0	0.0	-515	230	-302	1	-298	6062	-2747	3948	0	0	0	0	-526	120	CritBitKD;OFS=0.0; WINDOW_RESULTS=1000 UPD_DIST=1.0E-4
CBZ-P-AVG-3/3	CUBE(1.0,0.0,null)	16	64	1000000	0	180583341	180	316	5384	5384	729598	713881	4843	4811	10348	10447	0	0	0	0	5618	5618	0	0	0	0	0	1001879	1002611	515289	513537	1000000	1000000	0.0	0.0	0.0	0.0	-285	3029	-382	1	-767	2415	-4154	3467	0	0	0	0	-672	203	CritBitKD;OFS=0.0; WINDOW_RESULTS=1000 UPD_DIST=1.0E-4
CBZ-P-AVG-3/3	CUBE(1.0,0.0,null)	20	64	1000000	0	204250869	204	406	6776	6776	1191711	1188819	5847	5803	12631	12934	0	0	0	0	6962	6962	0	0	0	0	0	1001533	1002258	512355	511126	1000000	1000000	0.0	0.0	0.0	0.0	-209	6079	-456	2	-885	4638	-4952	4068	0	0	0	0	-808	222	CritBitKD;OFS=0.0; WINDOW_RESULTS=1000 UPD_DIST=1.0E-4
% Measurements
% ============
CBZ-P-0	CUBE(1.0,0.0,null)	2	64	1000000	0	84166520	84	107	1236	1236	629	571	1108	1144	2149	2241	0	0	0	0	1355	1355	0	0	0	0	0	1000356	999005	623724	540771	1000000	1000000	0.0	0.0	0.0	0.0	-141	172	0	0	-166	100	-1115	2670	0	0	0	0	-248	100	CritBitKD;OFS=0.0; WINDOW_RESULTS=1000 UPD_DIST=1.0E-4
CBZ-P-1	CUBE(1.0,0.0,null)	2	64	1000000	0	81723704	81	81	1256	1256	612	606	1104	1141	2169	2282	0	0	0	0	1370	1370	0	0	0	0	0	1001344	1001740	624644	541361	1000000	1000000	0.0	0.0	0.0	0.0	-141	172	0	0	-178	96	-1259	3962	0	0	0	0	-248	104	CritBitKD;OFS=0.0; WINDOW_RESULTS=1000 UPD_DIST=1.0E-4
CBZ-P-2	CUBE(1.0,0.0,null)	2	64	1000000	0	81724784	81	78	1259	1259	616	569	1104	1149	2120	2265	0	0	0	0	1350	1350	0	0	0	0	0	998289	1000612	625014	541206	1000000	1000000	0.0	0.0	0.0	0.0	-141	172	0	0	-166	100	-1282	3864	0	0	0	0	-248	104	CritBitKD;OFS=0.0; WINDOW_RESULTS=1000 UPD_DIST=1.0E-4
CBZ-P-0	CUBE(1.0,0.0,null)	3	64	1000000	0	88289552	88	113	1496	1496	1143	1095	1323	1339	2700	2962	0	0	0	0	1784	1784	0	0	0	0	0	999455	999477	583280	540103	1000000	1000000	0.0	0.0	0.0	0.0	-152	150	0	0	0	0	-980	1722	0	0	0	0	-252	88	CritBitKD;OFS=0.0; WINDOW_RESULTS=1000 UPD_DIST=1.0E-4
CBZ-P-1	CUBE(1.0,0.0,null)	3	64	1000000	0	90220584	90	101	1556	1556	1191	1156	1329	1331	2760	2920	0	0	0	0	1685	1685	0	0	0	0	0	1001150	1002958	582935	541949	1000000	1000000	0.0	0.0	0.0	0.0	-151	152	0	0	0	0	-912	5650	0	0	0	0	-252	88	CritBitKD;OFS=0.0; WINDOW_RESULTS=1000 UPD_DIST=1.0E-4
CBZ-P-2	CUBE(1.0,0.0,null)	3	64	1000000	0	90215744	90	107	1561	1561	1232	1126	1373	1377	2705	2908	0	0	0	0	1713	1713	0	0	0	0	0	1001034	1000848	582958	541161	1000000	1000000	0.0	0.0	0.0	0.0	-151	154	0	0	0	0	-912	5710	0	0	0	0	-252	88	CritBitKD;OFS=0.0; WINDOW_RESULTS=1000 UPD_DIST=1.0E-4
CBZ-P-0	CUBE(1.0,0.0,null)	4	64	1000000	0	97301576	97	127	1869	1869	2449	2365	1602	1684	3288	3320	0	0	0	0	1868	1868	0	0	0	0	0	998321	998343	562406	536987	1000000	1000000	0.0	0.0	0.0	0.0	-158	94	0	0	126	1068	-1399	4540	0	0	0	0	-307	4784	CritBitKD;OFS=0.0; WINDOW_RESULTS=1000 UPD_DIST=1.0E-4
CBZ-P-1	CUBE(1.0,0.0,null)	4	64	1000000	0	97299880	97	141	1795	1795	2550	2427	1647	1667	3547	3574	0	0	0	0	2042	2042	0	0	0	0	0	999674	1000029	562412	537880	1000000	1000000	0.0	0.0	0.0	0.0	-158	94	0	0	132	1130	-1382	4802	0	0	0	0	-318	5078	CritBitKD;OFS=0.0; WINDOW_RESULTS=1000 UPD_DIST=1.0E-4
CBZ-P-2	CUBE(1.0,0.0,null)	4	64	1000000	0	97285072	97	124	1723	1723	2374	2374	1607	1660	3377	3380	0	0	0	0	2034	2034	0	0	0	0	0	1001284	1001119	562270	536253	1000000	1000000	0.0	0.0	0.0	0.0	-158	96	0	0	132	1058	-1411	4430	0	0	0	0	-317	4986	CritBitKD;OFS=0.0; WINDOW_RESULTS=1000 UPD_DIST=1.0E-4
CBZ-P-0	CUBE(1.0,0.0,null)	5	64	1000000	0	99454080	99	143	2140	2140	5491	5531	1883	1832	4114	4130	0	0	0	0	2198	2198	0	0	0	0	0	999195	998174	549777	533583	1000000	1000000	0.0	0.0	0.0	0.0	-165	80	0	0	-2	2576	-1673	2238	0	0	0	0	-238	102	CritBitKD;OFS=0.0; WINDOW_RESULTS=1000 UPD_DIST=1.0E-4
CBZ-P-1	CUBE(1.0,0.0,null)	5	64	1000000	0	99458752	99	144	2046	2046	5468	5339	1913	1906	4056	4032	0	0	0	0	2228	2228	0	0	0	0	0	999889	1001629	549452	533899	1000000	1000000	0.0	0.0	0.0	0.0	-165	80	0	0	-2	2598	-1670	2268	0	0	0	0	-238	104	CritBitKD;OFS=0.0; WINDOW_RESULTS=1000 UPD_DIST=1.0E-4
CBZ-P-2	CUBE(1.0,0.0,null)	5	64	1000000	0	99449008	99	133	2161	2161	5671	5644	1947	1954	4132	4035	0	0	0	0	2209	2209	0	0	0	0	0	1001250	1000864	549487	532377	1000000	1000000	0.0	0.0	0.0	0.0	-165	80	0	0	-2	2650	-1692	2082	0	0	0	0	-238	106	CritBitKD;OFS=0.0; WINDOW_RESULTS=1000 UPD_DIST=1.0E-4
CBZ-P-0	CUBE(1.0,0.0,null)	6	64	1000000	0	107570496	107	160	2344	2344	10964	11035	2237	2205	4544	4623	0	0	0	0	2581	2581	0	0	0	0	0	1000536	999072	540926	529203	1000000	1000000	0.0	0.0	0.0	0.0	-170	82	0	0	-107	1968	-1292	1782	0	0	0	0	-248	82	CritBitKD;OFS=0.0; WINDOW_RESULTS=1000 UPD_DIST=1.0E-4
CBZ-P-1	CUBE(1.0,0.0,null)	6	64	1000000	0	107563416	107	168	2324	2324	10986	10674	2259	2210	4556	4582	0	0	0	0	2608	2608	0	0	0	0	0	1001717	1002594	540888	530016	1000000	1000000	0.0	0.0	0.0	0.0	-170	82	0	0	-106	1946	-1292	1778	0	0	0	0	-509	2048	CritBitKD;OFS=0.0; WINDOW_RESULTS=1000 UPD_DIST=1.0E-4
CBZ-P-2	CUBE(1.0,0.0,null)	6	64	1000000	0	107572064	107	239	2425	2425	10721	11284	2230	2196	4650	4588	0	0	0	0	2602	2602	0	0	0	0	0	1000840	1000611	541324	529685	1000000	1000000	0.0	0.0	0.0	0.0	-170	82	0	0	-107	1944	-1275	1902	0	0	0	0	-527	1996	CritBitKD;OFS=0.0; WINDOW_RESULTS=1000 UPD_DIST=1.0E-4
CBZ-P-0	CUBE(1.0,0.0,null)	8	64	1000000	0	125112864	125	205	2891	2891	45972	45049	2794	2865	6253	6201	0	0	0	0	3402	3402	0	0	0	0	0	999389	1000352	530679	523922	1000000	1000000	0.0	0.0	0.0	0.0	-335	166	-251	2	-276	3042	-2053	632	0	0	0	0	-460	162	CritBitKD;OFS=0.0; WINDOW_RESULTS=1000 UPD_DIST=1.0E-4
CBZ-P-1	CUBE(1.0,0.0,null)	8	64	1000000	0	125107856	125	185	3018	3018	45646	46416	2832	2966	6179	6128	0	0	0	0	3449	3449	0	0	0	0	0	1002201	1001326	531347	525267	1000000	1000000	0.0	0.0	0.0	0.0	-335	164	-251	2	-280	3066	-2054	634	0	0	0	0	-460	166	CritBitKD;OFS=0.0; WINDOW_RESULTS=1000 UPD_DIST=1.0E-4
CBZ-P-2	CUBE(1.0,0.0,null)	8	64	1000000	0	125129504	125	188	3082	3082	43969	44273	2852	2872	5981	6111	0	0	0	0	3372	3372	0	0	0	0	0	1002413	1004144	530768	524250	1000000	1000000	0.0	0.0	0.0	0.0	-335	164	-251	2	-275	3084	-2055	628	0	0	0	0	-460	166	CritBitKD;OFS=0.0; WINDOW_RESULTS=1000 UPD_DIST=1.0E-4
CBZ-P-0	CUBE(1.0,0.0,null)	10	64	1000000	0	142788376	142	232	3752	3752	135738	128654	3512	3506	7424	7455	0	0	0	0	4232	4232	0	0	0	0	0	999487	999895	524765	522051	1000000	1000000	0.0	0.0	0.0	0.0	-343	152	-267	0	-221	50	-2928	9966	0	0	0	0	-489	162	CritBitKD;OFS=0.0; WINDOW_RESULTS=1000 UPD_DIST=1.0E-4
CBZ-P-1	CUBE(1.0,0.0,null)	10	64	1000000	0	142804008	142	231	3685	3685	126827	126121	3478	3462	7410	7596	0	0	0	0	4144	4144	0	0	0	0	0	1002576	1001290	524759	520757	1000000	1000000	0.0	0.0	0.0	0.0	-343	150	-267	0	-217	50	-2944	9806	0	0	0	0	-489	170	CritBitKD;OFS=0.0; WINDOW_RESULTS=1000 UPD_DIST=1.0E-4
CBZ-P-2	CUBE(1.0,0.0,null)	10	64	1000000	0	142785784	142	247	3859	3859	134609	129984	3468	3516	7452	7413	0	0	0	0	4127	4127	0	0	0	0	0	1001774	1002067	524497	520966	1000000	1000000	0.0	0.0	0.0	0.0	-343	154	-267	0	-220	50	-2915	10240	0	0	0	0	-489	158	CritBitKD;OFS=0.0; WINDOW_RESULTS=1000 UPD_DIST=1.0E-4
CBZ-P-0	CUBE(1.0,0.0,null)	12	64	1000000	0	152566424	152	254	4296	4296	280261	275072	3987	4088	8269	8370	0	0	0	0	4569	4569	0	0	0	0	0	1000124	999510	520413	517319	1000000	1000000	0.0	0.0	0.0	0.0	-515	228	-302	2	-298	6102	-2739	4060	0	0	0	0	-526	122	CritBitKD;OFS=0.0; WINDOW_RESULTS=1000 UPD_DIST=1.0E-4
CBZ-P-1	CUBE(1.0,0.0,null)	12	64	1000000	0	152562264	152	267	4303	4303	270757	277324	3921	4011	8257	8553	0	0	0	0	4601	4601	0	0	0	0	0	1005692	1001725	521463	517759	1000000	1000000	0.0	0.0	0.0	0.0	-515	232	-302	2	-298	6026	-2760	3776	0	0	0	0	-526	118	CritBitKD;OFS=0.0; WINDOW_RESULTS=1000 UPD_DIST=1.0E-4
CBZ-P-2	CUBE(1.0,0.0,null)	12	64	1000000	0	152615760	152	265	4446	4446	275141	274819	3898	4033	8280	8356	0	0	0	0	4536	4536	0	0	0	0	0	1001235	1003715	521306	518055	1000000	1000000	0.0	0.0	0.0	0.0	-515	230	-302	0	-298	6060	-2743	4008	0	0	0	0	-527	120	CritBitKD;OFS=0.0; WINDOW_RESULTS=1000 UPD_DIST=1.0E-4
CBZ-P-0	CUBE(1.0,0.0,null)	16	64	1000000	0	180607952	180	337	5359	5359	724462	707923	4909	4874	10347	10456	0	0	0	0	5666	5666	0	0	0	0	0	1000250	1003204	515288	514109	1000000	1000000	0.0	0.0	0.0	0.0	-288	3006	-381	0	-790	2498	-4140	3432	0	0	0	0	-672	190	CritBitKD;OFS=0.0; WINDOW_RESULTS=1000 UPD_DIST=1.0E-4
CBZ-P-1	CUBE(1.0,0.0,null)	16	64	1000000	0	180576136	180	282	5394	5394	742502	715238	4793	4799	10339	10431	0	0	0	0	5589	5589	0	0	0	0	0	1002885	1001379	515326	513309	1000000	1000000	0.0	0.0	0.0	0.0	-287	3052	-382	2	-768	2382	-4155	3430	0	0	0	0	-671	208	CritBitKD;OFS=0.0; WINDOW_RESULTS=1000 UPD_DIST=1.0E-4
CBZ-P-2	CUBE(1.0,0.0,null)	16	64	1000000	0	180565936	180	329	5400	5400	721831	718483	4827	4762	10359	10456	0	0	0	0	5600	5600	0	0	0	0	0	1002503	1003252	515255	513195	1000000	1000000	0.0	0.0	0.0	0.0	-281	3030	-382	2	-744	2366	-4167	3540	0	0	0	0	-672	212	CritBitKD;OFS=0.0; WINDOW_RESULTS=1000 UPD_DIST=1.0E-4
CBZ-P-0	CUBE(1.0,0.0,null)	20	64	1000000	0	204252608	204	365	6619	6619	1203795	1199607	5809	5816	12683	12987	0	0	0	0	6943	6943	0	0	0	0	0	1002463	1004587	512608	510597	1000000	1000000	0.0	0.0	0.0	0.0	-205	6148	-456	4	-885	4644	-4945	4092	0	0	0	0	-808	220	CritBitKD;OFS=0.0; WINDOW_RESULTS=1000 UPD_DIST=1.0E-4
CBZ-P-1	CUBE(1.0,0.0,null)	20	64	1000000	0	204251176	204	436	7103	7103	1200029	1187610	5858	5788	12550	12821	0	0	0	0	6936	6936	0	0	0	0	0	1000832	1000045	512474	511025	1000000	1000000	0.0	0.0	0.0	0.0	-217	6038	-456	2	-885	4638	-4958	4052	0	0	0	0	-808	222	CritBitKD;OFS=0.0; WINDOW_RESULTS=1000 UPD_DIST=1.0E-4
CBZ-P-2	CUBE(1.0,0.0,null)	20	64	1000000	0	204248824	204	419	6607	6607	1171309	1179242	5876	5807	12661	12995	0	0	0	0	7008	7008	0	0	0	0	0	1001306	1002144	511984	511758	1000000	1000000	0.0	0.0	0.0	0.0	-205	6052	-456	2	-885	4632	-4954	4060	0	0	0	0	-808	226	CritBitKD;OFS=0.0; WINDOW_RESULTS=1000 UPD_DIST=1.0E-4
