Index	data	dim	bits	N	calcMem	memory	memory/n	gen	load	load/n	q1/n	q2/n	pq1/n	pq2/n	up1/n	up2/n	1-NN1	1-NN2	10-NN1	10-NN2	unload	unload/n	nodes	postLen	AHC	NT	NTinternal	q1-n	q2-n	q1p-n	q2p-n	up1-n	up2-n	d1-1NN	d2-1NN	d1-kNN	d2-kNN	load-s	load-t	w-query-s	w-query-t	p-query-s	p-query-t	update-s	update-t	1-NN-s	1-NN-t	10-NN-s	10-NN-t	unload-s	unload-t	msg	
% Averages
% ========
PHC-P-AVG-3/3	CLUSTER(5.0,0.0,null)	2	64	1000000	65	64529842	64	159	508	508	83	84	360	367	1089	1128	37933	38433	93400	91800	366	366	634661	41	251055	0	0	1000447	976568	499099	499645	1000000	1000000	0.012766143393021059	0.012731108374913272	0.013294843786899506	0.013322178244886197	-147	172	0	0	0	0	-1116	104	-300	2	-577	4	-287	17	PhTree11 AHC/LHC=2.0 AHC-on=true HCI-on=true NtLimit=150 NtMaxDim=6 DEBUG=false WINDOW_RESULTS=1000 KNN_REPEAT=10000 UPD_DIST=1.0E-4
PHC-P-AVG-3/3	CLUSTER(5.0,0.0,null)	3	64	1000000	67	67463168	67	193	513	513	95	95	372	373	1093	1133	100466	99733	193233	197066	367	367	486261	42	127412	0	0	1007584	1003849	499718	499393	1000000	1000000	0.05419837995319996	0.054319932380711124	0.054780792327908424	0.05500246729045388	-171	168	0	0	0	0	-1286	133	-577	2	-859	4	-91	11	PhTree11 AHC/LHC=2.0 AHC-on=true HCI-on=true NtLimit=150 NtMaxDim=6 DEBUG=false WINDOW_RESULTS=1000 KNN_REPEAT=10000 UPD_DIST=1.0E-4
PHC-P-AVG-3/3	CLUSTER(5.0,0.0,null)	4	64	1000000	66	65668762	65	260	586	586	96	96	410	408	1173	1184	202000	201000	323000	327666	464	464	412971	43	28900	0	0	1054509	1007909	499857	499609	1000000	1000000	0.11099466532988216	0.11114382452950704	0.111768886859156	0.11121427918760061	-188	138	0	0	0	0	-1292	117	-297	2	-304	0	0	0	PhTree11 AHC/LHC=2.0 AHC-on=true HCI-on=true NtLimit=150 NtMaxDim=6 DEBUG=false WINDOW_RESULTS=1000 KNN_REPEAT=1000 UPD_DIST=1.0E-4
PHC-P-AVG-3/3	CLUSTER(5.0,0.0,null)	5	64	1000000	68	66914634	66	315	564	564	95	96	433	448	1490	1516	307333	304000	495000	486666	616	616	372256	44	4990	0	0	1028606	1020580	499530	500050	1000000	1000000	0.17472552637964997	0.17347465696022346	0.17478816782743212	0.17494895532209842	-199	114	0	0	0	0	-1512	144	-307	0	-291	2	0	0	PhTree11 AHC/LHC=2.0 AHC-on=true HCI-on=true NtLimit=150 NtMaxDim=6 DEBUG=false WINDOW_RESULTS=1000 KNN_REPEAT=1000 UPD_DIST=1.0E-4
PHC-P-AVG-3/3	CLUSTER(5.0,0.0,null)	6	64	1000000	72	71323341	70	355	567	567	112	112	538	528	1513	1534	530000	443333	560000	610000	609	609	351075	45	554	0	0	1038435	1013732	499367	499934	1000000	1000000	0.24069350662311825	0.23762955340143907	0.24446658063566332	0.23961456638522916	-204	97	0	0	0	0	-709	94	0	0	0	0	0	0	PhTree11 AHC/LHC=2.0 AHC-on=true HCI-on=true NtLimit=150 NtMaxDim=6 DEBUG=false WINDOW_RESULTS=1000 KNN_REPEAT=100 UPD_DIST=1.0E-4
PHC-P-AVG-3/3	CLUSTER(5.0,0.0,null)	8	64	1000000	84	84196722	83	480	732	732	135	131	646	639	1681	1711	736666	676666	893333	1036666	708	708	323034	45	0	1	5	986496	985181	499679	500204	1000000	1000000	0.37463157028187144	0.379871630888539	0.37876282975497116	0.3853521781964089	-413	115	0	0	85	616	-1277	134	0	0	419	3800	-98	6	PhTree11 AHC/LHC=2.0 AHC-on=true HCI-on=true NtLimit=150 NtMaxDim=6 DEBUG=false WINDOW_RESULTS=1000 KNN_REPEAT=100 UPD_DIST=1.0E-4
PHC-P-AVG-3/3	CLUSTER(5.0,0.0,null)	10	64	1000000	98	99205970	98	599	769	769	161	157	671	642	1801	1837	853333	843333	983333	1040000	775	775	311986	46	0	4	58	1032374	1022504	499592	500742	1000000	1000000	0.500135667918466	0.5018915325380049	0.5092851416397347	0.5058069446066715	-411	104	0	0	0	0	-1255	115	0	0	0	0	-291	18	PhTree11 AHC/LHC=2.0 AHC-on=true HCI-on=true NtLimit=150 NtMaxDim=6 DEBUG=false WINDOW_RESULTS=1000 KNN_REPEAT=100 UPD_DIST=1.0E-4
PHC-P-AVG-3/3	CLUSTER(5.0,0.0,null)	12	64	1000000	112	113954330	113	682	813	813	195	186	745	733	1918	1934	1166666	1666666	1683333	1350000	838	838	303380	46	0	6	214	993179	1006971	500254	500049	1000000	1000000	0.6240280603276817	0.6195190954698504	0.6336479140530418	0.6347992105173016	-640	134	0	0	276	2284	-1479	128	0	0	0	0	0	0	PhTree11 AHC/LHC=2.0 AHC-on=true HCI-on=true NtLimit=150 NtMaxDim=6 DEBUG=false WINDOW_RESULTS=1000 KNN_REPEAT=20 UPD_DIST=1.0E-4
PHC-P-AVG-3/3	CLUSTER(5.0,0.0,null)	16	64	1000000	141	143126461	142	901	1034	1034	247	242	840	865	2146	2161	1883333	2000000	2066666	1783333	944	944	295212	47	0	8	446	1015889	985930	499665	499729	1000000	1000000	0.8606496378108254	0.8191063567216963	0.843245620130029	0.8293616174387607	-859	160	0	0	342	2803	-2080	663	0	0	0	0	0	0	PhTree11 AHC/LHC=2.0 AHC-on=true HCI-on=true NtLimit=150 NtMaxDim=6 DEBUG=false WINDOW_RESULTS=1000 KNN_REPEAT=20 UPD_DIST=1.0E-4
PHC-P-AVG-3/3	CLUSTER(5.0,0.0,null)	20	64	1000000	172	174373306	174	1104	1168	1168	302	298	898	932	2282	2258	2766666	2733333	3150000	2900000	1038	1038	293762	47	0	13	923	983835	997488	499841	499756	1000000	1000000	1.0326066392940454	1.0171875347731096	1.0514543492850346	1.033516848272917	-266	1416	0	0	416	3106	-1023	94	0	0	0	0	0	0	PhTree11 AHC/LHC=2.0 AHC-on=true HCI-on=true NtLimit=150 NtMaxDim=6 DEBUG=false WINDOW_RESULTS=1000 KNN_REPEAT=20 UPD_DIST=1.0E-4
PHC-R-AVG-3/3	CLUSTER(5.0,0.0,null)	24	64	1000000	377	379491768	379	1777	2046	2046	572	571	1255	1251	4060	4133	9283333	10183333	10050000	10650000	1810	1810	281496	47	0	16	1450	996077	996456	500265	500273	1000000	1000000	1.2196305710997015	1.2122333329126367	1.1994741039712784	1.2544214328069552	-777	1551	0	0	0	0	-1734	186	0	0	-1096	2	-342	16	PhTree11 AHC/LHC=2.0 AHC-on=true HCI-on=true NtLimit=150 NtMaxDim=6 DEBUG=false WINDOW_RESULTS=1000 KNN_REPEAT=20 UPD_DIST=1.0E-4
PHC-R-AVG-3/3	CLUSTER(5.0,0.0,null)	28	64	1000000	439	443311509	443	2094	2330	2330	725	704	1404	1428	4587	4743	14450000	14600000	14333333	14350000	2197	2197	279684	48	0	17	1884	1020184	1051270	500156	500441	1000000	1000000	1.3817211292294642	1.3981413059033863	1.3881009753155433	1.3580751758631002	-853	1728	0	0	0	0	-1691	222	-1134	4	-1117	4	-716	28	PhTree11 AHC/LHC=2.0 AHC-on=true HCI-on=true NtLimit=150 NtMaxDim=6 DEBUG=false WINDOW_RESULTS=1000 KNN_REPEAT=20 UPD_DIST=1.0E-4
PHC-P-AVG-3/3	CLUSTER(5.0,0.0,null)	30	64	1000000	247	254064130	253	1671	1507	1507	501	486	1089	1057	2822	2813	7166666	7383333	7683333	7450000	1366	1366	282849	48	0	20	2053	1018956	1029677	499957	499412	1000000	1000000	1.4507425038531079	1.45241113254196	1.4686307637956932	1.4428359159755095	-894	863	0	0	203	1261	-1025	88	0	0	0	0	-689	25	PhTree11 AHC/LHC=2.0 AHC-on=true HCI-on=true NtLimit=150 NtMaxDim=6 DEBUG=false WINDOW_RESULTS=1000 KNN_REPEAT=20 UPD_DIST=1.0E-4
PHC-P-AVG-3/3	CLUSTER(5.0,0.0,null)	40	64	1000000	326	346853416	346	2241	1763	1763	788	723	1265	1209	3306	3201	18400000	15300000	15133333	14600000	1589	1589	281452	48	0	28	3401	1026288	1030911	500547	500069	1000000	1000000	1.794873058161401	1.8098605850021006	1.7721018860977271	1.7967419665108595	-1019	1112	0	0	266	1428	-1608	105	0	0	0	0	-302	9	PhTree11 AHC/LHC=2.0 AHC-on=true HCI-on=true NtLimit=150 NtMaxDim=6 DEBUG=false WINDOW_RESULTS=1000 KNN_REPEAT=20 UPD_DIST=1.0E-4
% Measurements
% ============
PHC-P-0	CLUSTER(5.0,0.0,null)	2	64	1000000	65	64779296	64	161	517	517	81	81	357	366	1100	1132	38400	39200	94400	93000	364	364	635384	41	250539	0	0	1020904	999347	498602	499311	1000000	1000000	0.012724220820940206	0.012691452497892676	0.01309677440883581	0.0133513722958906	-151	166	0	0	0	0	-1101	106	-300	2	-577	4	-285	18	PhTree11 AHC/LHC=2.0 AHC-on=true HCI-on=true NtLimit=150 NtMaxDim=6 DEBUG=false WINDOW_RESULTS=1000 KNN_REPEAT=10000 UPD_DIST=1.0E-4
PHC-P-1	CLUSTER(5.0,0.0,null)	2	64	1000000	65	64145752	64	158	511	511	86	87	366	369	1079	1128	38000	37800	93500	92600	373	373	634233	41	251220	0	0	976580	978349	499115	499909	1000000	1000000	0.01300601503528662	0.012918129577840914	0.013467676855195001	0.013542198657485831	-147	174	0	0	0	0	-1120	102	-300	2	-290	2	-286	18	PhTree11 AHC/LHC=2.0 AHC-on=true HCI-on=true NtLimit=150 NtMaxDim=6 DEBUG=false WINDOW_RESULTS=1000 KNN_REPEAT=10000 UPD_DIST=1.0E-4
PHC-P-2	CLUSTER(5.0,0.0,null)	2	64	1000000	65	64664480	64	159	496	496	83	85	359	366	1089	1126	37400	38300	92300	89800	363	363	634366	41	251408	0	0	1003857	952008	499581	499717	1000000	1000000	0.01256819432283635	0.01258374304900622	0.013320080096667708	0.013072963781282157	-144	178	0	0	0	0	-1127	104	-300	2	-290	2	-291	16	PhTree11 AHC/LHC=2.0 AHC-on=true HCI-on=true NtLimit=150 NtMaxDim=6 DEBUG=false WINDOW_RESULTS=1000 KNN_REPEAT=10000 UPD_DIST=1.0E-4
PHC-P-0	CLUSTER(5.0,0.0,null)	3	64	1000000	67	67627304	67	168	511	511	97	97	373	371	1110	1134	103400	100800	197000	208400	351	351	487163	43	127656	0	0	1030695	1009386	499939	498463	1000000	1000000	0.05466107196741907	0.05458481027037169	0.05512982026722505	0.05508914148757553	-172	166	0	0	0	0	-1648	172	-577	2	-859	4	0	0	PhTree11 AHC/LHC=2.0 AHC-on=true HCI-on=true NtLimit=150 NtMaxDim=6 DEBUG=false WINDOW_RESULTS=1000 KNN_REPEAT=10000 UPD_DIST=1.0E-4
PHC-P-1	CLUSTER(5.0,0.0,null)	3	64	1000000	67	67525648	67	204	523	523	94	95	373	375	1085	1154	100900	101400	194900	195300	359	359	487055	43	126938	0	0	1006439	981767	499851	500135	1000000	1000000	0.054026462819069455	0.05406714187510115	0.05460974098412291	0.05475177087984605	-172	166	0	0	0	0	-1379	132	-578	2	-859	4	0	0	PhTree11 AHC/LHC=2.0 AHC-on=true HCI-on=true NtLimit=150 NtMaxDim=6 DEBUG=false WINDOW_RESULTS=1000 KNN_REPEAT=10000 UPD_DIST=1.0E-4
PHC-P-2	CLUSTER(5.0,0.0,null)	3	64	1000000	66	67236552	67	209	505	505	95	94	372	373	1085	1112	97100	97000	187800	187500	393	393	484565	42	127643	0	0	985620	1020395	499364	499583	1000000	1000000	0.05390760507311137	0.05430784499666055	0.05460281573237733	0.05516648950394006	-170	172	0	0	0	0	-829	96	-579	4	-859	2	-275	34	PhTree11 AHC/LHC=2.0 AHC-on=true HCI-on=true NtLimit=150 NtMaxDim=6 DEBUG=false WINDOW_RESULTS=1000 KNN_REPEAT=10000 UPD_DIST=1.0E-4
PHC-P-0	CLUSTER(5.0,0.0,null)	4	64	1000000	66	65643264	65	261	583	583	96	96	407	404	1168	1170	193000	197000	320000	329000	474	474	412735	43	28815	0	0	1060860	1048892	499776	499530	1000000	1000000	0.11064239757004048	0.11110994189523656	0.11103586103099321	0.11119382842522094	-189	134	0	0	0	0	-1094	110	-297	2	-304	0	0	0	PhTree11 AHC/LHC=2.0 AHC-on=true HCI-on=true NtLimit=150 NtMaxDim=6 DEBUG=false WINDOW_RESULTS=1000 KNN_REPEAT=1000 UPD_DIST=1.0E-4
PHC-P-1	CLUSTER(5.0,0.0,null)	4	64	1000000	66	65651832	65	259	592	592	96	96	412	410	1177	1191	209000	206000	320000	333000	458	458	412980	43	28896	0	0	1083948	1031091	500032	500431	1000000	1000000	0.11240231044219695	0.11162480493528688	0.11206801842287202	0.11201914886534722	-187	138	0	0	0	0	-1388	120	-293	0	-307	0	0	0	PhTree11 AHC/LHC=2.0 AHC-on=true HCI-on=true NtLimit=150 NtMaxDim=6 DEBUG=false WINDOW_RESULTS=1000 KNN_REPEAT=1000 UPD_DIST=1.0E-4
PHC-P-2	CLUSTER(5.0,0.0,null)	4	64	1000000	66	65711192	65	260	583	583	96	98	412	411	1175	1192	204000	200000	329000	321000	461	461	413198	43	28989	0	0	1018720	943745	499763	498866	1000000	1000000	0.10993928797740904	0.11069672675799766	0.11220278112360278	0.11042986027223367	-188	144	0	0	0	0	-1395	122	-293	0	-307	0	0	0	PhTree11 AHC/LHC=2.0 AHC-on=true HCI-on=true NtLimit=150 NtMaxDim=6 DEBUG=false WINDOW_RESULTS=1000 KNN_REPEAT=1000 UPD_DIST=1.0E-4
PHC-P-0	CLUSTER(5.0,0.0,null)	5	64	1000000	68	67146872	67	317	554	554	94	96	430	430	1257	1297	295000	297000	429000	428000	515	515	372557	44	4982	0	0	965963	990859	499693	500317	1000000	1000000	0.17525371709067206	0.1744046099315237	0.17349848475907317	0.1735701407255465	-199	114	0	0	0	0	-1377	120	-307	0	-291	2	0	0	PhTree11 AHC/LHC=2.0 AHC-on=true HCI-on=true NtLimit=150 NtMaxDim=6 DEBUG=false WINDOW_RESULTS=1000 KNN_REPEAT=1000 UPD_DIST=1.0E-4
PHC-P-1	CLUSTER(5.0,0.0,null)	5	64	1000000	68	66463184	66	315	551	551	98	97	435	425	1286	1310	323000	316000	445000	459000	546	546	371284	44	4994	0	0	1057994	1039406	499587	500534	1000000	1000000	0.17491969887406048	0.17270993854342148	0.17474642219994807	0.1750662578117685	-198	118	0	0	0	0	-1644	154	-307	2	-291	0	0	0	PhTree11 AHC/LHC=2.0 AHC-on=true HCI-on=true NtLimit=150 NtMaxDim=6 DEBUG=false WINDOW_RESULTS=1000 KNN_REPEAT=1000 UPD_DIST=1.0E-4
PHC-P-2	CLUSTER(5.0,0.0,null)	5	64	1000000	68	67133848	67	314	587	587	95	96	436	491	1929	1941	304000	299000	611000	573000	788	788	372929	44	4995	0	0	1061862	1031477	499310	499299	1000000	1000000	0.17400316317421743	0.17330942240572525	0.17611959652327508	0.17621046742898022	-200	110	0	0	0	0	-1515	158	-307	2	-291	0	0	0	PhTree11 AHC/LHC=2.0 AHC-on=true HCI-on=true NtLimit=150 NtMaxDim=6 DEBUG=false WINDOW_RESULTS=1000 KNN_REPEAT=1000 UPD_DIST=1.0E-4
PHC-P-0	CLUSTER(5.0,0.0,null)	6	64	1000000	72	70881008	70	346	571	571	116	116	577	565	1480	1535	490000	480000	580000	650000	604	604	350265	45	546	0	0	973191	969573	499015	499629	1000000	1000000	0.23193062835808942	0.24092830030897122	0.24185101976580708	0.22642868421710208	-205	94	0	0	0	0	-537	68	0	0	0	0	0	0	PhTree11 AHC/LHC=2.0 AHC-on=true HCI-on=true NtLimit=150 NtMaxDim=6 DEBUG=false WINDOW_RESULTS=1000 KNN_REPEAT=100 UPD_DIST=1.0E-4
PHC-P-1	CLUSTER(5.0,0.0,null)	6	64	1000000	72	71446440	71	337	569	569	109	113	503	516	1473	1463	490000	450000	570000	610000	616	616	350589	45	573	0	0	1142699	1072971	499253	500338	1000000	1000000	0.2449725031355232	0.2461837956267551	0.24982957186354157	0.2410732794590921	-203	96	0	0	0	0	-539	74	-316	0	0	0	0	0	PhTree11 AHC/LHC=2.0 AHC-on=true HCI-on=true NtLimit=150 NtMaxDim=6 DEBUG=false WINDOW_RESULTS=1000 KNN_REPEAT=100 UPD_DIST=1.0E-4
PHC-P-2	CLUSTER(5.0,0.0,null)	6	64	1000000	72	71642576	71	383	561	561	113	108	535	504	1588	1604	610000	400000	530000	570000	607	607	352372	45	545	0	0	999417	998652	499833	499837	1000000	1000000	0.24517738837574204	0.22577656426859086	0.2417191502776413	0.2513417354794933	-204	102	0	0	0	0	-1051	140	-318	2	0	0	0	0	PhTree11 AHC/LHC=2.0 AHC-on=true HCI-on=true NtLimit=150 NtMaxDim=6 DEBUG=false WINDOW_RESULTS=1000 KNN_REPEAT=100 UPD_DIST=1.0E-4
PHC-P-0	CLUSTER(5.0,0.0,null)	8	64	1000000	84	84397520	84	471	752	752	129	130	648	651	1721	1690	790000	700000	910000	990000	681	681	324581	45	1	1	5	944575	926831	499427	499737	1000000	1000000	0.3675775783013699	0.3766905588744329	0.3791550559817204	0.3848321994288847	-412	114	0	0	0	0	-1125	122	0	0	419	3800	0	0	PhTree11 AHC/LHC=2.0 AHC-on=true HCI-on=true NtLimit=150 NtMaxDim=6 DEBUG=false WINDOW_RESULTS=1000 KNN_REPEAT=100 UPD_DIST=1.0E-4
PHC-P-1	CLUSTER(5.0,0.0,null)	8	64	1000000	84	84258744	84	490	739	739	137	138	626	626	1618	1677	730000	670000	910000	980000	683	683	323534	45	0	1	5	1065579	1067503	500009	500955	1000000	1000000	0.37742322875029644	0.38168797590597586	0.3767922288694505	0.3844622579244964	-413	114	0	0	255	1848	-1642	154	0	0	-290	8	0	0	PhTree11 AHC/LHC=2.0 AHC-on=true HCI-on=true NtLimit=150 NtMaxDim=6 DEBUG=false WINDOW_RESULTS=1000 KNN_REPEAT=100 UPD_DIST=1.0E-4
PHC-P-2	CLUSTER(5.0,0.0,null)	8	64	1000000	83	83933904	83	479	707	707	141	127	665	640	1706	1768	690000	660000	860000	1140000	761	761	320987	45	1	1	5	949336	961210	499603	499920	1000000	1000000	0.37889390379394816	0.38123635788520815	0.38034120441374253	0.3867620772358455	-413	118	0	0	0	0	-1065	126	0	0	402	3760	-295	20	PhTree11 AHC/LHC=2.0 AHC-on=true HCI-on=true NtLimit=150 NtMaxDim=6 DEBUG=false WINDOW_RESULTS=1000 KNN_REPEAT=100 UPD_DIST=1.0E-4
PHC-P-0	CLUSTER(5.0,0.0,null)	10	64	1000000	98	99430352	99	593	722	722	166	156	677	653	1804	1825	810000	850000	980000	1030000	779	779	312431	46	0	5	68	1014165	1057509	499772	501500	1000000	1000000	0.4930997032287065	0.4899218081907689	0.518769857687605	0.49924828900748286	-409	106	0	0	0	0	-1362	118	0	0	0	0	-292	18	PhTree11 AHC/LHC=2.0 AHC-on=true HCI-on=true NtLimit=150 NtMaxDim=6 DEBUG=false WINDOW_RESULTS=1000 KNN_REPEAT=100 UPD_DIST=1.0E-4
PHC-P-1	CLUSTER(5.0,0.0,null)	10	64	1000000	98	99536320	99	611	804	804	160	160	667	634	1778	1831	820000	860000	960000	990000	768	768	314022	46	0	5	81	1043057	996949	499552	500279	1000000	1000000	0.5065549606439925	0.5130474224601705	0.5098599211798935	0.5090921222153142	-411	104	0	0	0	0	-1074	100	0	0	0	0	-290	20	PhTree11 AHC/LHC=2.0 AHC-on=true HCI-on=true NtLimit=150 NtMaxDim=6 DEBUG=false WINDOW_RESULTS=1000 KNN_REPEAT=100 UPD_DIST=1.0E-4
PHC-P-2	CLUSTER(5.0,0.0,null)	10	64	1000000	98	98651240	98	594	781	781	159	155	671	641	1821	1857	930000	820000	1010000	1100000	778	778	309507	46	0	2	27	1039900	1013055	499453	500448	1000000	1000000	0.5007523398826987	0.5027053669630752	0.4992256460517056	0.5090804225972174	-412	102	0	0	0	0	-1328	128	0	0	0	0	-292	16	PhTree11 AHC/LHC=2.0 AHC-on=true HCI-on=true NtLimit=150 NtMaxDim=6 DEBUG=false WINDOW_RESULTS=1000 KNN_REPEAT=100 UPD_DIST=1.0E-4
PHC-P-0	CLUSTER(5.0,0.0,null)	12	64	1000000	111	112721840	112	676	821	821	198	190	768	743	1913	1928	1250000	1450000	1550000	1300000	829	829	301222	46	0	4	134	964314	966927	499655	499801	1000000	1000000	0.6135362502622377	0.6113115985832895	0.6334492943256577	0.644886916689406	-643	132	0	0	277	2336	-1195	98	0	0	0	0	0	0	PhTree11 AHC/LHC=2.0 AHC-on=true HCI-on=true NtLimit=150 NtMaxDim=6 DEBUG=false WINDOW_RESULTS=1000 KNN_REPEAT=20 UPD_DIST=1.0E-4
PHC-P-1	CLUSTER(5.0,0.0,null)	12	64	1000000	112	113769064	113	660	796	796	194	190	748	741	1931	1943	1000000	2200000	2050000	1400000	834	834	305790	46	0	9	256	938604	941730	500671	500083	1000000	1000000	0.6328871152373838	0.625290931941105	0.633668980771446	0.6292723229869728	-636	138	0	0	272	2286	-1481	128	0	0	0	0	0	0	PhTree11 AHC/LHC=2.0 AHC-on=true HCI-on=true NtLimit=150 NtMaxDim=6 DEBUG=false WINDOW_RESULTS=1000 KNN_REPEAT=20 UPD_DIST=1.0E-4
PHC-P-2	CLUSTER(5.0,0.0,null)	12	64	1000000	112	115372088	115	711	824	824	193	179	719	715	1912	1933	1250000	1350000	1450000	1350000	852	852	303130	46	0	7	253	1076621	1112258	500437	500263	1000000	1000000	0.6256608154834234	0.6219547558851566	0.6338254670620216	0.630238391875526	-642	134	0	0	280	2230	-1762	160	0	0	0	0	0	0	PhTree11 AHC/LHC=2.0 AHC-on=true HCI-on=true NtLimit=150 NtMaxDim=6 DEBUG=false WINDOW_RESULTS=1000 KNN_REPEAT=20 UPD_DIST=1.0E-4
PHC-P-0	CLUSTER(5.0,0.0,null)	16	64	1000000	141	143593400	143	877	1068	1068	262	262	844	942	2224	2180	1950000	1950000	2150000	1850000	939	939	298262	47	0	5	275	959174	972451	499639	500213	1000000	1000000	0.8373419807279292	0.8091305303878163	0.8102787109970553	0.8323539424227728	-859	160	0	0	338	3018	-2526	1688	0	0	0	0	0	0	PhTree11 AHC/LHC=2.0 AHC-on=true HCI-on=true NtLimit=150 NtMaxDim=6 DEBUG=false WINDOW_RESULTS=1000 KNN_REPEAT=20 UPD_DIST=1.0E-4
PHC-P-1	CLUSTER(5.0,0.0,null)	16	64	1000000	140	142942672	142	921	992	992	247	233	826	805	2098	2145	1800000	2000000	2150000	1800000	949	949	294012	47	0	9	487	1015439	985434	499690	499521	1000000	1000000	0.908982383967787	0.8383355871414132	0.8513424760688254	0.855192907892186	-858	160	0	0	345	2688	-1858	150	0	0	0	0	0	0	PhTree11 AHC/LHC=2.0 AHC-on=true HCI-on=true NtLimit=150 NtMaxDim=6 DEBUG=false WINDOW_RESULTS=1000 KNN_REPEAT=20 UPD_DIST=1.0E-4
PHC-P-2	CLUSTER(5.0,0.0,null)	16	64	1000000	140	142843312	142	906	1043	1043	232	232	850	848	2116	2160	1900000	2050000	1900000	1700000	944	944	293362	47	0	11	576	1073056	999906	499666	499454	1000000	1000000	0.8356245487367595	0.8098529526358595	0.868115673324206	0.8005380020013231	-859	162	0	0	344	2704	-1856	152	0	0	0	0	0	0	PhTree11 AHC/LHC=2.0 AHC-on=true HCI-on=true NtLimit=150 NtMaxDim=6 DEBUG=false WINDOW_RESULTS=1000 KNN_REPEAT=20 UPD_DIST=1.0E-4
PHC-P-0	CLUSTER(5.0,0.0,null)	20	64	1000000	171	175188000	175	1104	1212	1212	298	301	907	909	2266	2245	2700000	3000000	3200000	3050000	1020	1020	292750	47	0	16	1016	997849	1009712	500075	499248	1000000	1000000	1.0193194449577996	0.9989558212241327	1.0058635864478023	1.0520012034689248	-275	1454	0	0	412	3042	-1314	112	0	0	0	0	0	0	PhTree11 AHC/LHC=2.0 AHC-on=true HCI-on=true NtLimit=150 NtMaxDim=6 DEBUG=false WINDOW_RESULTS=1000 KNN_REPEAT=20 UPD_DIST=1.0E-4
PHC-P-1	CLUSTER(5.0,0.0,null)	20	64	1000000	171	172298576	172	1099	1089	1089	306	296	897	1000	2341	2259	2450000	2900000	2800000	2850000	1053	1053	293056	47	0	11	770	972254	954851	499927	499664	1000000	1000000	1.0418996431209273	1.0238292788757064	1.0822624454529102	1.0449203490991894	-275	1332	0	0	411	3246	-869	90	0	0	0	0	0	0	PhTree11 AHC/LHC=2.0 AHC-on=true HCI-on=true NtLimit=150 NtMaxDim=6 DEBUG=false WINDOW_RESULTS=1000 KNN_REPEAT=20 UPD_DIST=1.0E-4
PHC-P-2	CLUSTER(5.0,0.0,null)	20	64	1000000	172	175633344	175	1109	1204	1204	304	299	892	887	2241	2271	3150000	2300000	3450000	2800000	1042	1042	295481	47	0	14	983	981402	1027903	499523	500356	1000000	1000000	1.0366008298034095	1.0287775042194895	1.0662370159543912	1.0036289922506367	-248	1464	0	0	425	3032	-885	80	0	0	0	0	0	0	PhTree11 AHC/LHC=2.0 AHC-on=true HCI-on=true NtLimit=150 NtMaxDim=6 DEBUG=false WINDOW_RESULTS=1000 KNN_REPEAT=20 UPD_DIST=1.0E-4
PHC-R-0	CLUSTER(5.0,0.0,null)	24	64	1000000	377	379304344	379	1775	2047	2047	563	563	1250	1241	4042	4146	8350000	8250000	10550000	10150000	1831	1831	279164	47	0	19	1712	1087282	1054842	500217	500169	1000000	1000000	1.1791645350064646	1.1770073558052334	1.216884581164217	1.257777617635867	-791	1528	0	0	0	0	-1751	182	0	0	-1096	2	-1026	48	PhTree11 AHC/LHC=2.0 AHC-on=true HCI-on=true NtLimit=150 NtMaxDim=6 DEBUG=false WINDOW_RESULTS=1000 KNN_REPEAT=20 UPD_DIST=1.0E-4
PHC-R-1	CLUSTER(5.0,0.0,null)	24	64	1000000	378	379950880	379	1778	2028	2028	589	601	1229	1242	4080	4123	9950000	10550000	9900000	10000000	1798	1798	282608	47	0	13	1273	898731	891728	501149	500384	1000000	1000000	1.2642980745613528	1.2296097775657384	1.158616779091535	1.2369525571553486	-757	1556	0	0	0	0	-1789	158	-1171	2	-1098	2	0	0	PhTree11 AHC/LHC=2.0 AHC-on=true HCI-on=true NtLimit=150 NtMaxDim=6 DEBUG=false WINDOW_RESULTS=1000 KNN_REPEAT=20 UPD_DIST=1.0E-4
PHC-R-2	CLUSTER(5.0,0.0,null)	24	64	1000000	378	379220080	379	1779	2063	2063	564	550	1288	1271	4059	4131	9550000	11750000	9700000	11800000	1801	1801	282716	47	0	17	1366	1002218	1042799	499430	500267	1000000	1000000	1.2154291037312877	1.2300828653669387	1.2229209516580835	1.26853412362965	-783	1570	0	0	0	0	-1660	220	-1143	4	-1088	4	0	0	PhTree11 AHC/LHC=2.0 AHC-on=true HCI-on=true NtLimit=150 NtMaxDim=6 DEBUG=false WINDOW_RESULTS=1000 KNN_REPEAT=20 UPD_DIST=1.0E-4
PHC-R-0	CLUSTER(5.0,0.0,null)	28	64	1000000	438	442277048	442	2072	2320	2320	716	686	1363	1379	4508	4764	15950000	14850000	13600000	14050000	2281	2281	277478	48	0	18	1984	959302	1028503	500583	500546	1000000	1000000	1.421357057801165	1.4086822982222684	1.4166517966901349	1.3290894429878075	-867	1686	0	0	0	0	-1702	216	-1134	4	-1117	4	-1078	40	PhTree11 AHC/LHC=2.0 AHC-on=true HCI-on=true NtLimit=150 NtMaxDim=6 DEBUG=false WINDOW_RESULTS=1000 KNN_REPEAT=20 UPD_DIST=1.0E-4
PHC-R-1	CLUSTER(5.0,0.0,null)	28	64	1000000	439	443401544	443	2098	2347	2347	735	724	1420	1439	4541	4628	12200000	13850000	14500000	15150000	2123	2123	279768	48	0	16	1871	1032251	1025561	500020	500588	1000000	1000000	1.3460624395026284	1.3951189515227918	1.397273760577295	1.3802768666507483	-875	1698	0	0	0	0	-1659	234	-1166	4	-2239	6	0	0	PhTree11 AHC/LHC=2.0 AHC-on=true HCI-on=true NtLimit=150 NtMaxDim=6 DEBUG=false WINDOW_RESULTS=1000 KNN_REPEAT=20 UPD_DIST=1.0E-4
PHC-R-2	CLUSTER(5.0,0.0,null)	28	64	1000000	440	444255936	444	2114	2325	2325	726	702	1429	1466	4714	4839	15200000	15100000	14900000	13850000	2188	2188	281808	48	0	17	1799	1069000	1099747	499867	500190	1000000	1000000	1.3777438903845993	1.3906226679650993	1.3503773686791998	1.364859217950745	-819	1802	0	0	0	0	-1711	216	-2293	6	-1117	2	-1072	46	PhTree11 AHC/LHC=2.0 AHC-on=true HCI-on=true NtLimit=150 NtMaxDim=6 DEBUG=false WINDOW_RESULTS=1000 KNN_REPEAT=20 UPD_DIST=1.0E-4
PHC-P-0	CLUSTER(5.0,0.0,null)	30	64	1000000	247	253338256	253	1670	1486	1486	494	481	1082	1050	2819	2786	7050000	6800000	7650000	6800000	1349	1349	281340	48	0	22	2349	965421	998061	500043	499286	1000000	1000000	1.4448754415735223	1.4196054559704527	1.4839785746992464	1.4179085634199542	-911	844	0	0	0	0	-1244	106	0	0	0	0	-674	30	PhTree11 AHC/LHC=2.0 AHC-on=true HCI-on=true NtLimit=150 NtMaxDim=6 DEBUG=false WINDOW_RESULTS=1000 KNN_REPEAT=20 UPD_DIST=1.0E-4
PHC-P-1	CLUSTER(5.0,0.0,null)	30	64	1000000	248	254845816	254	1671	1566	1566	507	476	1106	1106	2829	2822	7350000	8600000	8250000	8050000	1351	1351	284615	48	0	20	1912	1055416	1067604	500469	499183	1000000	1000000	1.4852628665458918	1.4694359551259566	1.4650382563819642	1.4602385109156268	-883	884	0	0	610	3784	-597	48	0	0	0	0	-695	24	PhTree11 AHC/LHC=2.0 AHC-on=true HCI-on=true NtLimit=150 NtMaxDim=6 DEBUG=false WINDOW_RESULTS=1000 KNN_REPEAT=20 UPD_DIST=1.0E-4
PHC-P-2	CLUSTER(5.0,0.0,null)	30	64	1000000	247	254008320	254	1672	1471	1471	503	501	1081	1017	2818	2831	7100000	6750000	7150000	7500000	1398	1398	282592	48	0	20	1899	1036031	1023368	499360	499769	1000000	1000000	1.4220892034399095	1.4681919865294701	1.4568754603058687	1.450360673590948	-887	862	0	0	0	0	-1233	110	0	0	0	0	-699	22	PhTree11 AHC/LHC=2.0 AHC-on=true HCI-on=true NtLimit=150 NtMaxDim=6 DEBUG=false WINDOW_RESULTS=1000 KNN_REPEAT=20 UPD_DIST=1.0E-4
PHC-P-0	CLUSTER(5.0,0.0,null)	40	64	1000000	326	345521904	345	2230	1758	1758	813	729	1229	1186	3305	3166	16400000	14450000	16000000	14300000	1601	1601	278826	48	0	32	3775	981088	996447	500000	500237	1000000	1000000	1.7702295230434835	1.796893216243778	1.7965596083417985	1.828079393402006	-1107	1000	0	0	800	4284	-1603	100	0	0	0	0	0	0	PhTree11 AHC/LHC=2.0 AHC-on=true HCI-on=true NtLimit=150 NtMaxDim=6 DEBUG=false WINDOW_RESULTS=1000 KNN_REPEAT=20 UPD_DIST=1.0E-4
PHC-P-1	CLUSTER(5.0,0.0,null)	40	64	1000000	326	347803976	347	2268	1751	1751	773	736	1284	1226	3286	3208	19600000	15850000	15700000	14250000	1577	1577	282607	48	0	24	2889	1054733	1011703	500830	500669	1000000	1000000	1.8193403265412447	1.8473810356047273	1.763267509107288	1.7766015292837065	-843	1352	0	0	0	0	-1609	104	0	0	0	0	0	0	PhTree11 AHC/LHC=2.0 AHC-on=true HCI-on=true NtLimit=150 NtMaxDim=6 DEBUG=false WINDOW_RESULTS=1000 KNN_REPEAT=20 UPD_DIST=1.0E-4
PHC-P-2	CLUSTER(5.0,0.0,null)	40	64	1000000	326	347234368	347	2226	1780	1780	779	706	1282	1217	3327	3230	19200000	15600000	13700000	15250000	1591	1591	282925	48	0	29	3540	1043043	1084583	500812	499302	1000000	1000000	1.795049324899475	1.7853075031577958	1.7564785408440948	1.7855449768468656	-1108	984	0	0	0	0	-1611	112	0	0	0	0	-906	28	PhTree11 AHC/LHC=2.0 AHC-on=true HCI-on=true NtLimit=150 NtMaxDim=6 DEBUG=false WINDOW_RESULTS=1000 KNN_REPEAT=20 UPD_DIST=1.0E-4
