Index	data	dim	bits	N	calcMem	memory	memory/n	gen	load	load/n	q1/n	q2/n	pq1/n	pq2/n	up1/n	up2/n	1-NN1	1-NN2	10-NN1	10-NN2	unload	unload/n	nodes	postLen	AHC	NT	NTinternal	q1-n	q2-n	q1p-n	q2p-n	up1-n	up2-n	d1-1NN	d2-1NN	d1-kNN	d2-kNN	load-s	load-t	w-query-s	w-query-t	p-query-s	p-query-t	update-s	update-t	1-NN-s	1-NN-t	10-NN-s	10-NN-t	unload-s	unload-t	msg	
% Averages
% ========
QKDZ-P-AVG-3/3	CLUSTER(3.4,0.0,null)	2	64	1000000	0	100478794	100	100	530	530	249	123	521	518	1743	1784	16400000	17116666	19883333	22700000	304	304	418297	21	0	0	0	99950	99982	499099	499645	999562	998689	0.26711057441184477	0.2580854681155641	0.2762603243788441	0.29145177170220554	-92	478	0	0	0	0	-385	170	0	0	0	0	0	0	QuadTreeKD;maxNodeSize=10;maxDepth=50;DEBUG=false;center/radius=[0.5000000433602516, 0.40000000000571856]/0.9999095695035185 WINDOW_RESULTS=1000 KNN_REPEAT=20
QKDZ-P-AVG-3/3	CLUSTER(3.4,0.0,null)	3	64	1000000	0	129886533	129	90	541	541	349	129	668	664	2375	2501	54633333	47833333	66116666	59416666	441	441	549712	20	0	0	0	100017	100005	499718	499393	999440	998142	0.4212681740523802	0.3567623045105249	0.41077959715601803	0.40071339207976714	-91	440	0	0	0	0	-346	2562	0	0	0	0	-144	115	QuadTreeKD;maxNodeSize=10;maxDepth=50;DEBUG=false;center/radius=[0.5000003637270491, 0.4000000000157521, 0.4000000000219295]/0.9999085578364101 WINDOW_RESULTS=1000 KNN_REPEAT=20
QKDZ-P-AVG-3/3	CLUSTER(3.4,0.0,null)	4	64	1000000	0	149804413	149	105	547	547	383	219	728	728	2957	3175	68350000	82366666	93516666	78616666	400	400	536014	19	0	0	0	99959	99979	499857	499609	999391	998039	0.4937001248269075	0.5227882625031116	0.5441842139058236	0.5063897881721391	-93	393	0	0	0	0	-715	3874	-256	2	0	0	0	0	QuadTreeKD;maxNodeSize=10;maxDepth=50;DEBUG=false;center/radius=[0.5000003353292385, 0.40000000000644464, 0.400000000023435, 0.4000000000051116]/0.9999083103450072 WINDOW_RESULTS=1000 KNN_REPEAT=20
QKDZ-P-AVG-3/3	CLUSTER(3.4,0.0,null)	5	64	1000000	0	139839392	139	163	543	543	559	396	774	756	3099	3217	69750000	70400000	66766666	72600000	419	419	316212	19	0	0	0	99993	100004	499530	500050	999503	998261	0.5748156527689341	0.6001134825836681	0.5754693824079328	0.5916384057234709	-73	400	0	0	0	0	-721	996	0	0	0	0	0	0	QuadTreeKD;maxNodeSize=10;maxDepth=50;DEBUG=false;center/radius=[0.5000000898556027, 0.4000000000523932, 0.4000000000165108, 0.3999999999956033, 0.40000000001278324]/0.9999085758752478 WINDOW_RESULTS=1000 KNN_REPEAT=20
QKDZ-P-AVG-3/3	CLUSTER(3.4,0.0,null)	6	64	1000000	0	165439493	165	151	491	491	999	800	820	833	3591	3579	90000000	88650000	79466666	83433333	525	525	298446	19	0	0	0	100010	99954	499367	499934	999585	998401	0.6688415780857965	0.6927775410384497	0.6547195478287727	0.6552057887898436	-62	259	0	0	0	0	-804	7852	0	0	0	0	0	0	QuadTreeKD;maxNodeSize=10;maxDepth=50;DEBUG=false;center/radius=[0.49999967899318565, 0.4000000000010746, 0.40000000002789593, 0.4000000000356708, 0.3999999999876557, 0.40000000000608926]/0.9999077321106369 WINDOW_RESULTS=1000 KNN_REPEAT=20
QKDZ-P-AVG-3/3	CLUSTER(3.4,0.0,null)	8	64	1000000	0	293460666	293	175	602	602	5003	4735	950	926	4099	4251	91433333	90283333	86183333	81816666	814	814	288487	14	0	0	0	99994	100005	499679	500204	999725	998818	0.798184507142441	0.8201054707672286	0.7828664597785119	0.7482602352051617	-85	258	0	0	0	0	-444	6866	0	0	0	0	93	2202	QuadTreeKD;maxNodeSize=10;maxDepth=50;DEBUG=false;center/radius=[0.5000011869641799, 0.4000000000043624, 0.400000000060477, 0.3999999999599017, 0.40000000003349223, 0.40000000004756564, 0.3999999999926318, 0.3999999999930395]/0.9999068920337115 WINDOW_RESULTS=1000 KNN_REPEAT=20
QKDZ-P-AVG-3/3	CLUSTER(3.4,0.0,null)	10	64	1000000	0	757124120	756	214	1155	1155	33426	33553	1063	1048	5423	5684	243733333	218683333	218283333	208250000	1619	1619	288090	12	0	0	0	100048	100018	499592	500742	999824	999193	0.9087656360021507	0.9042146604844308	0.8511087796959695	0.8808552224361064	541	1804	0	0	0	0	-2575	3692	0	0	0	0	0	0	QuadTreeKD;maxNodeSize=10;maxDepth=50;DEBUG=false;center/radius=[0.500000373728568, 0.40000000015331294, 0.40000000004072944, 0.4000000001337474, 0.4000000000328675, 0.40000000012650816, 0.3999999999911694, 0.4000000001473495, 0.4000000000227474, 0.40000000004566105]/0.999909034289735 WINDOW_RESULTS=1000 KNN_REPEAT=20
QKDZ-P-AVG-3/3	CLUSTER(3.4,0.0,null)	15	64	1000000	0	19117462784	19116	315	10615	10615	6901628	6853133	1197	1199	45069	46108	4262316666	4150216666	4283866666	4630116666	22633	22633	288376	7	0	0	0	99970	99992	499933	500519	999954	999730	1.1364033150870345	1.0934928129818462	1.142370475784211	1.147237296022262	-487	15076	-3351	204	0	0	-53828	90164	0	0	0	0	-8346	10300	QuadTreeKD;maxNodeSize=10;maxDepth=50;DEBUG=false;center/radius=[0.5000010513136857, 0.4000000000500028, 0.3999999997902203, 0.399999999878652, 0.4000000001108947, 0.40000000004876, 0.3999999999800292, 0.3999999999544936, 0.40000000001125147, 0.40000000025529026, 0.39999999999832625, 0.4000000000526569, 0.3999999999436542, 0.39999999987956536, 0.40000000008642744]/0.9999052921636701 WINDOW_RESULTS=1000 KNN_REPEAT=20
% Measurements
% ============
QKDZ-P-0	CLUSTER(3.4,0.0,null)	2	64	1000000	0	100509024	100	122	535	535	200	100	517	514	1736	1809	13850000	19350000	22200000	20650000	303	303	418592	21	0	0	0	99978	99970	498602	499311	999590	998701	0.25892222591869346	0.26933621776331773	0.2876460395864847	0.28970886566563825	-92	478	0	0	0	0	-455	224	0	0	0	0	0	0	QuadTreeKD;maxNodeSize=10;maxDepth=50;DEBUG=false;center/radius=[0.4999999979538091, 0.399999999996303]/0.9999099176370059 WINDOW_RESULTS=1000 KNN_REPEAT=20
QKDZ-P-1	CLUSTER(3.4,0.0,null)	2	64	1000000	0	100471152	100	76	540	540	250	140	526	526	1737	1746	18600000	17250000	20150000	20200000	313	313	418227	21	0	0	0	99868	99880	499115	499909	999522	998657	0.30216172369038397	0.251513630115748	0.30119069659673936	0.2793788731065757	-92	476	0	0	0	0	-247	68	0	0	0	0	0	0	QuadTreeKD;maxNodeSize=10;maxDepth=50;DEBUG=false;center/radius=[0.4999997260310761, 0.40000000001327535]/0.9999092768538058 WINDOW_RESULTS=1000 KNN_REPEAT=20
QKDZ-P-2	CLUSTER(3.4,0.0,null)	2	64	1000000	0	100456208	100	104	515	515	299	129	520	515	1758	1799	16750000	14750000	17300000	27250000	296	296	418072	21	0	0	0	100004	100098	499581	499717	999574	998710	0.24024777362645686	0.25340655646762655	0.23994423695330824	0.3052675763344026	-92	482	0	0	0	0	-453	220	0	0	0	0	0	0	QuadTreeKD;maxNodeSize=10;maxDepth=50;DEBUG=false;center/radius=[0.5000000433602516, 0.40000000000571856]/0.9999095695035185 WINDOW_RESULTS=1000 KNN_REPEAT=20
QKDZ-P-0	CLUSTER(3.4,0.0,null)	3	64	1000000	0	129833120	129	80	541	541	289	130	663	659	2341	2401	51700000	45200000	63450000	54300000	458	458	549937	20	0	0	0	100048	99986	499939	498463	999446	998158	0.38769724751597345	0.3360197046032855	0.41102540979241287	0.3813397132342674	-91	446	0	0	0	0	-159	1836	0	0	0	0	-210	166	QuadTreeKD;maxNodeSize=10;maxDepth=50;DEBUG=false;center/radius=[0.5000002959557914, 0.40000000001335395, 0.3999999999469953]/0.9999091619452852 WINDOW_RESULTS=1000 KNN_REPEAT=20
QKDZ-P-1	CLUSTER(3.4,0.0,null)	3	64	1000000	0	129849616	129	82	554	554	350	130	666	665	2311	2503	53750000	50350000	62150000	62750000	476	476	550042	20	0	0	0	99994	99972	499851	500135	999440	998208	0.45013249734086347	0.38673667824275465	0.418541395060092	0.4150577014004805	-91	440	0	0	0	0	-8	5320	0	0	0	0	-222	180	QuadTreeKD;maxNodeSize=10;maxDepth=50;DEBUG=false;center/radius=[0.500000109151981, 0.40000000001327535, 0.39999999998927227]/0.9999095823744223 WINDOW_RESULTS=1000 KNN_REPEAT=20
QKDZ-P-2	CLUSTER(3.4,0.0,null)	3	64	1000000	0	129976864	129	110	528	528	409	129	675	669	2475	2599	58450000	47950000	72750000	61200000	389	389	549159	20	0	0	0	100010	100059	499364	499583	999435	998062	0.4259747773003036	0.34753053068553463	0.40277198661554936	0.4057427616045535	-91	436	0	0	0	0	-871	530	0	0	0	0	0	0	QuadTreeKD;maxNodeSize=10;maxDepth=50;DEBUG=false;center/radius=[0.5000003637270491, 0.4000000000157521, 0.4000000000219295]/0.9999085578364101 WINDOW_RESULTS=1000 KNN_REPEAT=20
QKDZ-P-0	CLUSTER(3.4,0.0,null)	4	64	1000000	0	149808216	149	115	548	548	350	229	723	721	2932	3274	64750000	71450000	91200000	74700000	399	399	536026	20	0	0	0	99959	100017	499776	499530	999419	998013	0.4793021642219868	0.5179905918228586	0.5465763914874295	0.5082289979565727	-94	406	0	0	0	0	-853	2340	-256	2	0	0	0	0	QuadTreeKD;maxNodeSize=10;maxDepth=50;DEBUG=false;center/radius=[0.4999999923875227, 0.3999999999878532, 0.4000000000082687, 0.3999999999977656]/0.999909906504433 WINDOW_RESULTS=1000 KNN_REPEAT=20
QKDZ-P-1	CLUSTER(3.4,0.0,null)	4	64	1000000	0	149871448	149	95	546	546	340	210	728	725	2950	3070	66200000	86950000	93250000	91500000	393	393	536409	20	0	0	0	99911	99916	500032	500431	999403	998041	0.5037112018103993	0.5585801646770181	0.5438498976917406	0.5495395926829423	-93	386	0	0	0	0	-607	5068	-256	0	0	0	0	0	QuadTreeKD;maxNodeSize=10;maxDepth=50;DEBUG=false;center/radius=[0.4999999110601564, 0.40000000000755814, 0.40000000003839553, 0.400000000006164]/0.9999096469119664 WINDOW_RESULTS=1000 KNN_REPEAT=20
QKDZ-P-2	CLUSTER(3.4,0.0,null)	4	64	1000000	0	149733576	149	107	547	547	459	219	734	738	2991	3181	74100000	88700000	96100000	69650000	410	410	535608	19	0	0	0	100008	100006	499763	498866	999351	998065	0.49808700844833653	0.4917940310094583	0.5421263525383007	0.46140077387690237	-93	388	0	0	0	0	-686	4216	-256	2	0	0	0	0	QuadTreeKD;maxNodeSize=10;maxDepth=50;DEBUG=false;center/radius=[0.5000003353292385, 0.40000000000644464, 0.400000000023435, 0.4000000000051116]/0.9999083103450072 WINDOW_RESULTS=1000 KNN_REPEAT=20
QKDZ-P-0	CLUSTER(3.4,0.0,null)	5	64	1000000	0	139836360	139	161	546	546	679	390	785	754	3119	3159	67500000	74150000	67050000	78400000	416	416	316221	19	0	0	0	100010	99996	499693	500317	999483	998216	0.549778839738633	0.5919358696249655	0.5641880626040068	0.5890005870703694	-73	404	0	0	0	0	-632	2342	0	0	0	0	0	0	QuadTreeKD;maxNodeSize=10;maxDepth=50;DEBUG=false;center/radius=[0.49999983569802076, 0.39999999998696356, 0.39999999999851027, 0.39999999997221114, 0.40000000001369607]/0.9999091115220557 WINDOW_RESULTS=1000 KNN_REPEAT=20
QKDZ-P-1	CLUSTER(3.4,0.0,null)	5	64	1000000	0	139873696	139	179	522	522	489	409	760	758	3094	3251	70050000	69550000	68800000	73500000	416	416	316347	19	0	0	0	100069	100005	499587	500534	999488	998239	0.604458390186128	0.6471283423667071	0.6525836612477619	0.5911456352818121	-73	398	0	0	0	0	-877	378	0	0	0	0	0	0	QuadTreeKD;maxNodeSize=10;maxDepth=50;DEBUG=false;center/radius=[0.4999995472027496, 0.40000000000946917, 0.4000000000633686, 0.40000000000299224, 0.3999999999147048]/0.9999082985179774 WINDOW_RESULTS=1000 KNN_REPEAT=20
QKDZ-P-2	CLUSTER(3.4,0.0,null)	5	64	1000000	0	139808120	139	149	563	563	510	389	779	757	3086	3241	71700000	67500000	64450000	65900000	426	426	316068	19	0	0	0	99901	100013	499310	499299	999539	998329	0.5702097283820413	0.5612762357593317	0.5096364233720295	0.5947689948182313	-73	400	0	0	0	0	-655	268	0	0	0	0	0	0	QuadTreeKD;maxNodeSize=10;maxDepth=50;DEBUG=false;center/radius=[0.5000000898556027, 0.4000000000523932, 0.4000000000165108, 0.3999999999956033, 0.40000000001278324]/0.9999085758752478 WINDOW_RESULTS=1000 KNN_REPEAT=20
QKDZ-P-0	CLUSTER(3.4,0.0,null)	6	64	1000000	0	165426984	165	142	496	496	1039	790	822	835	3564	3580	89400000	79200000	84200000	104200000	510	510	298399	19	0	0	0	100014	99931	499015	499629	999550	998398	0.6463218400824939	0.6916182781499138	0.6782637434881769	0.6292263771796577	-62	248	0	0	0	0	-804	8346	0	0	0	0	0	0	QuadTreeKD;maxNodeSize=10;maxDepth=50;DEBUG=false;center/radius=[0.4999999134164139, 0.4000000000128593, 0.39999999997643243, 0.3999999999822178, 0.39999999999021096, 0.39999999998577396]/0.9999083968665303 WINDOW_RESULTS=1000 KNN_REPEAT=20
QKDZ-P-1	CLUSTER(3.4,0.0,null)	6	64	1000000	0	165482704	165	141	500	500	939	810	825	832	3641	3617	90350000	95000000	87300000	69150000	546	546	298619	19	0	0	0	100036	99976	499253	500338	999567	998381	0.7026281373422636	0.7116311510732353	0.6983857284972823	0.6436225011634689	-62	280	0	0	0	0	-803	7992	0	0	0	0	0	0	QuadTreeKD;maxNodeSize=10;maxDepth=50;DEBUG=false;center/radius=[0.5000003455612805, 0.40000000001327535, 0.4000000000047612, 0.400000000017076, 0.4000000000350914, 0.400000000051583]/0.9999084813254927 WINDOW_RESULTS=1000 KNN_REPEAT=20
QKDZ-P-2	CLUSTER(3.4,0.0,null)	6	64	1000000	0	165408792	165	172	477	477	1020	800	813	833	3570	3542	90250000	91750000	66900000	76950000	519	519	298320	19	0	0	0	99981	99955	499833	499837	999640	998425	0.6575747568326319	0.6750831938921997	0.587509171500859	0.6927684880264043	-62	250	0	0	0	0	-805	7218	0	0	0	0	0	0	QuadTreeKD;maxNodeSize=10;maxDepth=50;DEBUG=false;center/radius=[0.49999967899318565, 0.4000000000010746, 0.40000000002789593, 0.4000000000356708, 0.3999999999876557, 0.40000000000608926]/0.9999077321106369 WINDOW_RESULTS=1000 KNN_REPEAT=20
QKDZ-P-0	CLUSTER(3.4,0.0,null)	8	64	1000000	0	293550904	293	150	586	586	4902	4771	985	936	4063	4242	88150000	85050000	101750000	81300000	818	818	288629	14	0	0	0	99951	99961	499427	499737	999712	998767	0.7802375794117322	0.8138584782425792	0.7580350966155983	0.7266580147575864	-85	256	0	0	0	0	-487	3150	0	0	0	0	140	3346	QuadTreeKD;maxNodeSize=10;maxDepth=50;DEBUG=false;center/radius=[0.5000003343523005, 0.3999999999640944, 0.3999999999353251, 0.3999999999977656, 0.4000000000690491, 0.3999999999583629, 0.39999999995506774, 0.3999999999766301]/0.9999084872296944 WINDOW_RESULTS=1000 KNN_REPEAT=20
QKDZ-P-1	CLUSTER(3.4,0.0,null)	8	64	1000000	0	293341600	293	189	612	612	4955	4747	934	921	4186	4198	92150000	100200000	77950000	88750000	786	786	288311	14	0	0	0	100092	100044	500009	500955	999721	998812	0.8502225945822837	0.867989851347871	0.798688720680335	0.7371558639545353	-85	258	0	0	0	0	-143	11038	0	0	0	0	0	0	QuadTreeKD;maxNodeSize=10;maxDepth=50;DEBUG=false;center/radius=[0.5000006232503336, 0.3999999999824575, 0.4000000000421815, 0.3999999998334035, 0.4000000000207, 0.40000000003115244, 0.4000000000293359, 0.40000000001287483]/0.9999085751777692 WINDOW_RESULTS=1000 KNN_REPEAT=20
QKDZ-P-2	CLUSTER(3.4,0.0,null)	8	64	1000000	0	293489496	293	188	609	609	5153	4689	933	923	4050	4315	94000000	85600000	78850000	75400000	840	840	288522	14	0	0	0	99940	100011	499603	499920	999744	998875	0.7640933474333073	0.778468082711236	0.7918755620396023	0.7809668269033635	-85	260	0	0	0	0	-702	6410	0	0	0	0	140	3260	QuadTreeKD;maxNodeSize=10;maxDepth=50;DEBUG=false;center/radius=[0.5000011869641799, 0.4000000000043624, 0.400000000060477, 0.3999999999599017, 0.40000000003349223, 0.40000000004756564, 0.3999999999926318, 0.3999999999930395]/0.9999068920337115 WINDOW_RESULTS=1000 KNN_REPEAT=20
QKDZ-P-0	CLUSTER(3.4,0.0,null)	10	64	1000000	0	757305752	757	228	1167	1167	33575	34033	1070	1050	5446	5648	235450000	238750000	233050000	223150000	1602	1602	288170	12	0	0	0	100013	100079	499772	501500	999812	999230	0.88616204130643	0.8913259846673605	0.8435113691545734	0.8424774547125139	539	1820	0	0	0	0	-2566	5172	0	0	0	0	0	0	QuadTreeKD;maxNodeSize=10;maxDepth=50;DEBUG=false;center/radius=[0.4999996348719579, 0.39999999998655145, 0.3999999999976407, 0.40000000000552105, 0.400000000160202, 0.4000000000096499, 0.40000000000170177, 0.4000000000205234, 0.3999999999792102, 0.40000000006740943]/0.9999086556717506 WINDOW_RESULTS=1000 KNN_REPEAT=20
QKDZ-P-1	CLUSTER(3.4,0.0,null)	10	64	1000000	0	756884464	756	208	1148	1148	33298	33299	1048	1043	5407	5731	232750000	206400000	197950000	195900000	1638	1638	287995	12	0	0	0	100215	100003	499552	500279	999830	999191	0.959020135402359	0.9509584124849624	0.8369693178963484	0.8830279350909291	539	1796	0	0	0	0	-2566	5402	0	0	0	0	0	0	QuadTreeKD;maxNodeSize=10;maxDepth=50;DEBUG=false;center/radius=[0.4999985377192778, 0.40000000010285613, 0.40000000005408026, 0.4000000000014905, 0.3999999999249285, 0.39999999998565905, 0.39999999993988145, 0.39999999999839286, 0.3999999998992573, 0.3999999999869922]/0.9999062795510338 WINDOW_RESULTS=1000 KNN_REPEAT=20
QKDZ-P-2	CLUSTER(3.4,0.0,null)	10	64	1000000	0	757182144	757	208	1152	1152	33407	33328	1072	1051	5416	5674	263000000	210900000	223850000	205700000	1619	1619	288106	12	0	0	0	99917	99974	499453	500448	999832	999160	0.8811147312976628	0.8703595843009694	0.8728456520369869	0.9170602775048764	545	1796	0	0	0	0	-2593	504	0	0	0	0	0	0	QuadTreeKD;maxNodeSize=10;maxDepth=50;DEBUG=false;center/radius=[0.500000373728568, 0.40000000015331294, 0.40000000004072944, 0.4000000001337474, 0.4000000000328675, 0.40000000012650816, 0.3999999999911694, 0.4000000001473495, 0.4000000000227474, 0.40000000004566105]/0.999909034289735 WINDOW_RESULTS=1000 KNN_REPEAT=20
QKDZ-P-0	CLUSTER(3.4,0.0,null)	15	64	1000000	0	19090813848	19090	319	11380	11380	6841927	6801504	1207	1205	58197	58080	4294500000	4675550000	4286250000	4761350000	22228	22228	287945	7	0	0	0	99954	99982	500834	500258	999956	999715	1.1126256236076018	1.085849735394949	1.0800661525755477	1.104118188790912	-484	16352	-3352	202	0	0	-66962	108360	0	0	0	0	0	0	QuadTreeKD;maxNodeSize=10;maxDepth=50;DEBUG=false;center/radius=[0.49999994736695624, 0.40000000004802017, 0.4000000000059515, 0.3999999999166064, 0.3999999999732807, 0.39999999995085156, 0.4000000002920526, 0.39999999987846346, 0.39999999998112445, 0.4000000000341654, 0.4000000000072228, 0.4000000000087604, 0.3999999999921988, 0.3999999999938436, 0.3999999996873699]/0.9999095882219112 WINDOW_RESULTS=1000 KNN_REPEAT=20
QKDZ-P-1	CLUSTER(3.4,0.0,null)	15	64	1000000	0	19139855256	19139	327	10237	10237	6914010	6840086	1198	1203	38631	40452	3993650000	3991550000	4197500000	4758200000	22764	22764	288725	7	0	0	0	100035	100054	499622	501122	999949	999764	1.2189771474851256	1.078500561219446	1.1705544826562158	1.1997151197248892	-482	14430	-3351	204	0	0	-46895	83090	0	0	0	0	-12023	15524	QuadTreeKD;maxNodeSize=10;maxDepth=50;DEBUG=false;center/radius=[0.4999990711966303, 0.3999999999945793, 0.4000000005845167, 0.40000000001302694, 0.40000000002962477, 0.4000000002878237, 0.39999999990515195, 0.4000000002415109, 0.400000000005067, 0.3999999999890505, 0.3999999999366328, 0.40000000003566355, 0.39999999996250823, 0.39999999993389995, 0.3999999998882708]/0.9999070805239755 WINDOW_RESULTS=1000 KNN_REPEAT=20
QKDZ-P-2	CLUSTER(3.4,0.0,null)	15	64	1000000	0	19121719248	19121	299	10230	10230	6948949	6917810	1188	1191	38379	39794	4498800000	3783550000	4367850000	4370800000	22908	22908	288459	7	0	0	0	99921	99940	499345	500178	999958	999713	1.0776071741683757	1.1161281423311435	1.1764907921208694	1.1378785795509851	-494	14448	-3351	206	0	0	-47626	79042	0	0	0	0	-13015	15376	QuadTreeKD;maxNodeSize=10;maxDepth=50;DEBUG=false;center/radius=[0.5000010513136857, 0.4000000000500028, 0.3999999997902203, 0.399999999878652, 0.4000000001108947, 0.40000000004876, 0.3999999999800292, 0.3999999999544936, 0.40000000001125147, 0.40000000025529026, 0.39999999999832625, 0.4000000000526569, 0.3999999999436542, 0.39999999987956536, 0.40000000008642744]/0.9999052921636701 WINDOW_RESULTS=1000 KNN_REPEAT=20
