Index	data	dim	bits	N	calcMem	memory	memory/n	gen	load	load/n	q1/n	q2/n	pq1/n	pq2/n	up1/n	up2/n	1-NN1	1-NN2	10-NN1	10-NN2	unload	unload/n	nodes	postLen	AHC	NT	NTinternal	q1-n	q2-n	q1p-n	q2p-n	up1-n	up2-n	d1-1NN	d2-1NN	d1-kNN	d2-kNN	load-s	load-t	w-query-s	w-query-t	p-query-s	p-query-t	update-s	update-t	1-NN-s	1-NN-t	10-NN-s	10-NN-t	unload-s	unload-t	msg	
% Averages
% ========
QKDZ-P-AVG-3/3	CLUSTER(5.0,0.0,null)	2	64	1000000	0	88104072	88	164	218	218	63	50	437	432	1102	1140	12666	12666	36000	32666	238	238	290855	15	0	0	0	1000447	976568	499099	499645	1000000	1000000	0.01282168261402091	0.012605968829314265	0.013473813669923146	0.013330113347938322	0	0	0	0	0	0	-252	36	0	0	0	0	0	0	QuadTreeKD;maxNodeSize=10;maxDepth=50;DEBUG=false;center/radius=[0.4997828466486707, 0.4998777178609076]/1.006065613029761 WINDOW_RESULTS=1000 KNN_REPEAT=1000 UPD_DIST=1.0E-4
QKDZ-P-AVG-3/3	CLUSTER(5.0,0.0,null)	3	64	1000000	0	107330218	107	210	224	224	78	58	399	397	995	1089	27000	26333	62333	65000	262	262	360784	13	0	0	0	1007584	1003849	499718	499393	1000000	1000000	0.053679741473046515	0.053743099574322516	0.05466713670559208	0.05550500470104767	0	0	0	0	0	0	0	0	0	0	0	0	0	0	QuadTreeKD;maxNodeSize=10;maxDepth=50;DEBUG=false;center/radius=[0.4999305039645927, 0.5000812838111881, 0.49947350916289235]/1.004276997583565 WINDOW_RESULTS=1000 KNN_REPEAT=1000 UPD_DIST=1.0E-4
QKDZ-P-AVG-3/3	CLUSTER(5.0,0.0,null)	4	64	1000000	0	128932253	128	265	417	417	92	79	447	445	1188	1338	56666	66666	116666	133333	319	319	433541	12	0	0	0	1054509	1007909	499857	499609	1000000	1000000	0.11054441567122535	0.1104992503623301	0.11262976773213564	0.11257553416012445	-24	397	0	0	0	0	-4	4010	0	0	0	0	0	0	QuadTreeKD;maxNodeSize=10;maxDepth=50;DEBUG=false;center/radius=[0.49841428546131666, 0.4989873069244043, 0.49964151129250317, 0.5007325350941952]/1.0059020847093152 WINDOW_RESULTS=1000 KNN_REPEAT=100 UPD_DIST=1.0E-4
QKDZ-P-AVG-3/3	CLUSTER(5.0,0.0,null)	5	64	1000000	0	151678066	151	310	439	439	103	91	471	501	1286	1414	116666	126666	253333	213333	369	369	497075	12	0	0	0	1028606	1020580	499530	500050	1000000	1000000	0.17326853101150433	0.17603668060065028	0.17606126296379107	0.1723878525950028	-15	390	0	0	0	0	46	4428	0	0	0	0	0	0	QuadTreeKD;maxNodeSize=10;maxDepth=50;DEBUG=false;center/radius=[0.4994445392465941, 0.4995629778118894, 0.5003345914330916, 0.49934890817136246, 0.49840922002094507]/1.0045167459694844 WINDOW_RESULTS=1000 KNN_REPEAT=100 UPD_DIST=1.0E-4
QKDZ-P-AVG-3/3	CLUSTER(5.0,0.0,null)	6	64	1000000	0	180753797	180	370	419	419	126	109	500	529	1463	1490	223333	213333	353333	383333	411	411	570469	11	0	0	0	1038435	1013732	499367	499934	1000000	1000000	0.24069350662311825	0.23762955340143907	0.24446658063566332	0.23961456638522916	-10	375	0	0	0	0	-86	5166	0	0	0	0	0	0	QuadTreeKD;maxNodeSize=10;maxDepth=50;DEBUG=false;center/radius=[0.4994475297839411, 0.4992289250372431, 0.49971716074607986, 0.49988265561716017, 0.499395597669788, 0.4994788660826835]/1.0058197094305077 WINDOW_RESULTS=1000 KNN_REPEAT=100 UPD_DIST=1.0E-4
QKDZ-P-AVG-3/3	CLUSTER(5.0,0.0,null)	8	64	1000000	0	235677786	235	473	426	426	209	174	563	613	1705	1700	443333	473333	616666	616666	524	524	550467	11	0	0	0	986496	985181	499679	500204	1000000	1000000	0.37463157028187144	0.379871630888539	0.37876282975497116	0.3853521781964089	-7	298	0	0	0	0	-23	5003	0	0	0	0	0	0	QuadTreeKD;maxNodeSize=10;maxDepth=50;DEBUG=false;center/radius=[0.5005389415034642, 0.4988683595622608, 0.49971156608610034, 0.49929725413726456, 0.4996210438391993, 0.49949167021693347, 0.49868347615350267, 0.5005600124252986]/1.0052275724851278 WINDOW_RESULTS=1000 KNN_REPEAT=100 UPD_DIST=1.0E-4
QKDZ-P-AVG-3/3	CLUSTER(5.0,0.0,null)	10	64	1000000	0	413915242	413	580	599	599	504	497	695	668	1942	2042	1343333	1403333	1633333	1716666	792	792	622938	11	0	0	0	1032374	1022504	499592	500742	1000000	1000000	0.500135667918466	0.5018915325380049	0.5092851416397347	0.5058069446066715	-26	546	0	0	0	0	-929	6283	0	0	0	0	185	2870	QuadTreeKD;maxNodeSize=10;maxDepth=50;DEBUG=false;center/radius=[0.49930082135505405, 0.49909707036001355, 0.5001709154524412, 0.4991446182293284, 0.4994970331238028, 0.4998761518675733, 0.49962586133428216, 0.49959995937486695, 0.49853470748218104, 0.5015737952772148]/1.003872452690259 WINDOW_RESULTS=1000 KNN_REPEAT=100 UPD_DIST=1.0E-4
QKDZ-P-AVG-3/3	CLUSTER(5.0,0.0,null)	12	64	1000000	0	1030925482	1030	685	770	770	1880	1836	744	769	2740	2526	5633333	5833333	6366666	6150000	1381	1381	647865	10	0	0	0	993179	1006971	500254	500049	1000000	1000000	0.6240280603276817	0.6195190954698504	0.6336479140530418	0.6347992105173016	815	1352	0	0	368	4447	-665	8189	0	0	0	0	0	0	QuadTreeKD;maxNodeSize=10;maxDepth=50;DEBUG=false;center/radius=[0.5000771929756166, 0.4999997245264997, 0.4999431542299625, 0.4991542369499558, 0.4973840814692491, 0.5009636234868201, 0.4990280213516616, 0.4999850653639171, 0.4990460478418774, 0.4982211650303763, 0.49995384755705563, 0.5008208800361504]/1.0059162612386232 WINDOW_RESULTS=1000 KNN_REPEAT=20 UPD_DIST=1.0E-4
QKDZ-P-AVG-3/3	CLUSTER(5.0,0.0,null)	16	64	1000000	0	12102129893	12101	888	5831	5831	29934	30490	890	869	7630	7933	0	0	0	0	27864	27864	618064	10	0	0	0	1015889	985930	499665	499729	1000000	1000000	0.0	0.0	0.0	0.0	-192	8186	0	0	0	0	-3463	2241	0	0	0	0	0	0	QuadTreeKD;maxNodeSize=10;maxDepth=50;DEBUG=false;center/radius=[0.5007886282402608, 0.49928605673110316, 0.5008657566681256, 0.4994600076923391, 0.49966762529166153, 0.49990413363385133, 0.49949387586295835, 0.5002798843135331, 0.49802333494215567, 0.4995263986822881, 0.4987958624994156, 0.49926257118959333, 0.49948640086965684, 0.5003265542414403, 0.4999402394770153, 0.4983109616413135]/1.004586340350696 WINDOW_RESULTS=1000 UPD_DIST=1.0E-4
QKDZ-P-AVG-1/3	CLUSTER(5.0,0.0,null)	20	64	1000000	0	0	0	1100	0	0	0	0	0	0	0	0	0	0	0	0	0	0	0	0	0	0	0	0	0	0	0	0	0	0.0	0.0	0.0	0.0	0	0	0	0	0	0	0	0	0	0	0	0	0	0		Java heap space
% Measurements
% ============
QKDZ-P-0	CLUSTER(5.0,0.0,null)	2	64	1000000	0	88102040	88	190	230	230	64	50	434	436	1112	1141	13000	12000	35000	32000	234	234	290838	15	0	0	0	1020904	999347	498602	499311	1000000	1000000	0.013007601566481473	0.012734871518522279	0.013426860825550243	0.01292496546803706	0	0	0	0	0	0	-252	36	0	0	0	0	0	0	QuadTreeKD;maxNodeSize=10;maxDepth=50;DEBUG=false;center/radius=[0.4987226923769164, 0.49926390848336205]/1.0054068572248986 WINDOW_RESULTS=1000 KNN_REPEAT=1000 UPD_DIST=1.0E-4
QKDZ-P-1	CLUSTER(5.0,0.0,null)	2	64	1000000	0	88156224	88	144	207	207	62	51	439	433	1096	1150	14000	14000	40000	34000	232	232	291382	15	0	0	0	976580	978349	499115	499909	1000000	1000000	0.01314262287032553	0.01266818272521858	0.013812207081231894	0.013842631800818881	0	0	0	0	0	0	-252	36	0	0	0	0	0	0	QuadTreeKD;maxNodeSize=10;maxDepth=50;DEBUG=false;center/radius=[0.4999023810368892, 0.49943180266272247]/1.0059663408617112 WINDOW_RESULTS=1000 KNN_REPEAT=1000 UPD_DIST=1.0E-4
QKDZ-P-2	CLUSTER(5.0,0.0,null)	2	64	1000000	0	88053952	88	159	217	217	64	49	440	427	1099	1129	11000	12000	33000	32000	248	248	290347	15	0	0	0	1003857	952008	499581	499717	1000000	1000000	0.012314823405255726	0.01241485224420194	0.013182373102987302	0.013222742774959027	0	0	0	0	0	0	-252	38	0	0	0	0	0	0	QuadTreeKD;maxNodeSize=10;maxDepth=50;DEBUG=false;center/radius=[0.4997828466486707, 0.4998777178609076]/1.006065613029761 WINDOW_RESULTS=1000 KNN_REPEAT=1000 UPD_DIST=1.0E-4
QKDZ-P-0	CLUSTER(5.0,0.0,null)	3	64	1000000	0	107318504	107	217	232	232	86	58	405	388	991	1092	27000	25000	62000	66000	260	260	360669	13	0	0	0	1030695	1009386	499939	498463	1000000	1000000	0.05353467363121462	0.0539591942395636	0.054935742648836904	0.055961493042587865	0	0	0	0	0	0	0	0	0	0	0	0	0	0	QuadTreeKD;maxNodeSize=10;maxDepth=50;DEBUG=false;center/radius=[0.49972960497375596, 0.49956548762561936, 0.49954819077601614]/1.0057639744950941 WINDOW_RESULTS=1000 KNN_REPEAT=1000 UPD_DIST=1.0E-4
QKDZ-P-1	CLUSTER(5.0,0.0,null)	3	64	1000000	0	107354928	107	214	228	228	68	58	404	414	1000	1087	28000	28000	64000	68000	251	251	360951	13	0	0	0	1006439	981767	499851	500135	1000000	1000000	0.05441701540552195	0.05371421351595642	0.05374971714941481	0.054863404197782316	0	0	0	0	0	0	0	0	0	0	0	0	0	0	QuadTreeKD;maxNodeSize=10;maxDepth=50;DEBUG=false;center/radius=[0.4977575464944092, 0.4981877394814563, 0.5006515915204797]/1.0038033090588423 WINDOW_RESULTS=1000 KNN_REPEAT=1000 UPD_DIST=1.0E-4
QKDZ-P-2	CLUSTER(5.0,0.0,null)	3	64	1000000	0	107317224	107	200	214	214	82	59	389	391	996	1089	26000	26000	61000	61000	275	275	360733	13	0	0	0	985620	1020395	499364	499583	1000000	1000000	0.05308753538240296	0.05355589096744752	0.05531595031852453	0.055690116862772844	0	0	0	0	0	0	0	0	0	0	0	0	0	0	QuadTreeKD;maxNodeSize=10;maxDepth=50;DEBUG=false;center/radius=[0.4999305039645927, 0.5000812838111881, 0.49947350916289235]/1.004276997583565 WINDOW_RESULTS=1000 KNN_REPEAT=1000 UPD_DIST=1.0E-4
QKDZ-P-0	CLUSTER(5.0,0.0,null)	4	64	1000000	0	128966120	128	267	421	421	98	74	444	449	1191	1327	50000	70000	120000	180000	315	315	433729	12	0	0	0	1060860	1048892	499776	499530	1000000	1000000	0.1105938269223909	0.10584096935340154	0.11267086574515628	0.11258166316187809	-24	400	0	0	0	0	-8	3932	0	0	0	0	0	0	QuadTreeKD;maxNodeSize=10;maxDepth=50;DEBUG=false;center/radius=[0.5004750330359841, 0.4989592950744208, 0.49927092645457843, 0.49861274375990056]/1.0054820401224305 WINDOW_RESULTS=1000 KNN_REPEAT=100 UPD_DIST=1.0E-4
QKDZ-P-1	CLUSTER(5.0,0.0,null)	4	64	1000000	0	128963336	128	269	403	403	95	73	437	437	1171	1359	60000	70000	120000	100000	320	320	433781	12	0	0	0	1083948	1031091	500032	500431	1000000	1000000	0.11130073700487603	0.11586368308443892	0.11258520376683219	0.11241900440359971	-24	396	0	0	0	0	-8	4018	0	0	0	0	0	0	QuadTreeKD;maxNodeSize=10;maxDepth=50;DEBUG=false;center/radius=[0.4997259268241003, 0.5009778090641703, 0.5000253664005703, 0.49941743319571513]/1.0042108186681868 WINDOW_RESULTS=1000 KNN_REPEAT=100 UPD_DIST=1.0E-4
QKDZ-P-2	CLUSTER(5.0,0.0,null)	4	64	1000000	0	128867304	128	260	428	428	84	91	461	450	1202	1330	60000	60000	110000	120000	322	322	433114	12	0	0	0	1018720	943745	499763	498866	1000000	1000000	0.10973868308640913	0.10979309864914982	0.11263323368441847	0.11272593491489553	-24	396	0	0	0	0	4	4080	0	0	0	0	0	0	QuadTreeKD;maxNodeSize=10;maxDepth=50;DEBUG=false;center/radius=[0.49841428546131666, 0.4989873069244043, 0.49964151129250317, 0.5007325350941952]/1.0059020847093152 WINDOW_RESULTS=1000 KNN_REPEAT=100 UPD_DIST=1.0E-4
QKDZ-P-0	CLUSTER(5.0,0.0,null)	5	64	1000000	0	151755928	151	314	440	440	112	89	479	507	1319	1451	110000	130000	290000	200000	359	359	497562	12	0	0	0	965963	990859	499693	500317	1000000	1000000	0.17064434460296612	0.17048029071851103	0.1774545912978538	0.17702672691649204	-15	390	0	0	0	0	57	3792	0	0	0	0	0	0	QuadTreeKD;maxNodeSize=10;maxDepth=50;DEBUG=false;center/radius=[0.4999334839786967, 0.49959377898486745, 0.4999655272186364, 0.49866181999915304, 0.5003577806224925]/1.0043320453590145 WINDOW_RESULTS=1000 KNN_REPEAT=100 UPD_DIST=1.0E-4
QKDZ-P-1	CLUSTER(5.0,0.0,null)	5	64	1000000	0	151639856	151	303	442	442	99	100	471	496	1285	1374	120000	140000	220000	180000	385	385	496949	12	0	0	0	1057994	1039406	499587	500534	1000000	1000000	0.17747506558709336	0.18416862305834075	0.1770565865433761	0.17238258919586827	-15	390	0	0	0	0	35	4688	0	0	0	0	0	0	QuadTreeKD;maxNodeSize=10;maxDepth=50;DEBUG=false;center/radius=[0.49822571952217864, 0.5003466965223884, 0.5004733072526972, 0.5004063772503679, 0.49871891047045064]/1.0056549572966496 WINDOW_RESULTS=1000 KNN_REPEAT=100 UPD_DIST=1.0E-4
QKDZ-P-2	CLUSTER(5.0,0.0,null)	5	64	1000000	0	151638416	151	314	435	435	99	86	465	500	1256	1417	120000	110000	250000	260000	365	365	496714	12	0	0	0	1061862	1031477	499310	499299	1000000	1000000	0.1716861828444535	0.17346112802509903	0.17367261105014337	0.16775424167264813	-15	390	0	0	0	0	45	4806	0	0	0	0	0	0	QuadTreeKD;maxNodeSize=10;maxDepth=50;DEBUG=false;center/radius=[0.4994445392465941, 0.4995629778118894, 0.5003345914330916, 0.49934890817136246, 0.49840922002094507]/1.0045167459694844 WINDOW_RESULTS=1000 KNN_REPEAT=100 UPD_DIST=1.0E-4
QKDZ-P-0	CLUSTER(5.0,0.0,null)	6	64	1000000	0	180738848	180	376	430	430	127	107	494	532	1459	1466	220000	220000	330000	370000	435	435	570123	12	0	0	0	973191	969573	499015	499629	1000000	1000000	0.23193062835808942	0.24092830030897122	0.24185101976580708	0.22642868421710208	-10	374	0	0	0	0	76	6814	0	0	0	0	0	0	QuadTreeKD;maxNodeSize=10;maxDepth=50;DEBUG=false;center/radius=[0.49838885993377924, 0.4992169954028163, 0.49889731549575367, 0.4998029588811138, 0.49938528250209724, 0.49850915652312894]/1.006343787771066 WINDOW_RESULTS=1000 KNN_REPEAT=100 UPD_DIST=1.0E-4
QKDZ-P-1	CLUSTER(5.0,0.0,null)	6	64	1000000	0	180577784	180	363	398	398	117	107	496	515	1456	1509	230000	220000	350000	380000	406	406	569911	12	0	0	0	1142699	1072971	499253	500338	1000000	1000000	0.2449725031355232	0.2461837956267551	0.24982957186354157	0.2410732794590921	-10	376	0	0	0	0	-157	6760	0	0	0	0	0	0	QuadTreeKD;maxNodeSize=10;maxDepth=50;DEBUG=false;center/radius=[0.49852905422650373, 0.4994034920131371, 0.4996112480609616, 0.5001434172066175, 0.4994199990322472, 0.49951980162279724]/1.0046140646720738 WINDOW_RESULTS=1000 KNN_REPEAT=100 UPD_DIST=1.0E-4
QKDZ-P-2	CLUSTER(5.0,0.0,null)	6	64	1000000	0	180944760	180	373	431	431	135	115	510	540	1476	1495	220000	200000	380000	400000	394	394	571374	11	0	0	0	999417	998652	499833	499837	1000000	1000000	0.24517738837574204	0.22577656426859086	0.2417191502776413	0.2513417354794933	-11	376	0	0	0	0	-178	1926	0	0	0	0	0	0	QuadTreeKD;maxNodeSize=10;maxDepth=50;DEBUG=false;center/radius=[0.4994475297839411, 0.4992289250372431, 0.49971716074607986, 0.49988265561716017, 0.499395597669788, 0.4994788660826835]/1.0058197094305077 WINDOW_RESULTS=1000 KNN_REPEAT=100 UPD_DIST=1.0E-4
QKDZ-P-0	CLUSTER(5.0,0.0,null)	8	64	1000000	0	235377032	235	475	419	419	212	173	561	620	1678	1677	470000	490000	630000	610000	531	531	550045	11	0	0	0	944575	926831	499427	499737	1000000	1000000	0.3675775783013699	0.3766905588744329	0.3791550559817204	0.3848321994288847	-7	296	0	0	0	0	-91	3182	0	0	0	0	0	0	QuadTreeKD;maxNodeSize=10;maxDepth=50;DEBUG=false;center/radius=[0.500054015864647, 0.49928993436946767, 0.5003800032067957, 0.4985802738220285, 0.5000119873448536, 0.4991750185488819, 0.49996672615071264, 0.4991173302566853]/1.0052650739733417 WINDOW_RESULTS=1000 KNN_REPEAT=100 UPD_DIST=1.0E-4
QKDZ-P-1	CLUSTER(5.0,0.0,null)	8	64	1000000	0	236264952	236	470	441	441	205	171	565	616	1707	1687	440000	490000	610000	640000	516	516	549791	11	0	0	0	1065579	1067503	500009	500955	1000000	1000000	0.37742322875029644	0.38168797590597586	0.3767922288694505	0.3844622579244964	-8	304	0	0	0	0	-3	6588	0	0	0	0	0	0	QuadTreeKD;maxNodeSize=10;maxDepth=50;DEBUG=false;center/radius=[0.49957166773808126, 0.5005024440707638, 0.5000509054037681, 0.49888039522999694, 0.4991987810221268, 0.5010531928250409, 0.5006312050719215, 0.4989568065510448]/1.0046526895411239 WINDOW_RESULTS=1000 KNN_REPEAT=100 UPD_DIST=1.0E-4
QKDZ-P-2	CLUSTER(5.0,0.0,null)	8	64	1000000	0	235391376	235	474	420	420	210	179	565	603	1730	1737	420000	440000	610000	600000	527	527	551565	11	0	0	0	949336	961210	499603	499920	1000000	1000000	0.37889390379394816	0.38123635788520815	0.38034120441374253	0.3867620772358455	-7	296	0	0	0	0	24	5240	0	0	0	0	0	0	QuadTreeKD;maxNodeSize=10;maxDepth=50;DEBUG=false;center/radius=[0.5005389415034642, 0.4988683595622608, 0.49971156608610034, 0.49929725413726456, 0.4996210438391993, 0.49949167021693347, 0.49868347615350267, 0.5005600124252986]/1.0052275724851278 WINDOW_RESULTS=1000 KNN_REPEAT=100 UPD_DIST=1.0E-4
QKDZ-P-0	CLUSTER(5.0,0.0,null)	10	64	1000000	0	412764984	412	585	598	598	514	476	703	666	2020	2036	1410000	1340000	1600000	1740000	806	806	625710	11	0	0	0	1014165	1057509	499772	501500	1000000	1000000	0.4930997032287065	0.4899218081907689	0.518769857687605	0.49924828900748286	-26	546	0	0	0	0	-984	7456	0	0	0	0	278	4296	QuadTreeKD;maxNodeSize=10;maxDepth=50;DEBUG=false;center/radius=[0.5018138006683952, 0.4979204011935207, 0.49807231440201116, 0.4988540712535089, 0.500131759456969, 0.5009134791228093, 0.5001924818023613, 0.49940655768023096, 0.4986978079869181, 0.499199192681183]/1.0043796582285864 WINDOW_RESULTS=1000 KNN_REPEAT=100 UPD_DIST=1.0E-4
QKDZ-P-1	CLUSTER(5.0,0.0,null)	10	64	1000000	0	415142200	415	572	610	610	491	497	662	656	1851	1993	1340000	1420000	1650000	1800000	755	755	620460	11	0	0	0	1043057	996949	499552	500279	1000000	1000000	0.5065549606439925	0.5130474224601705	0.5098599211798935	0.5090921222153142	-26	550	0	0	0	0	-830	3962	0	0	0	0	0	0	QuadTreeKD;maxNodeSize=10;maxDepth=50;DEBUG=false;center/radius=[0.49930233801778684, 0.4980691603307203, 0.49975345110661884, 0.4996881856159556, 0.49886783232990306, 0.4996085325478881, 0.4994375275277603, 0.49940311369256896, 0.4991525653037229, 0.49881419908334673]/1.005947340727615 WINDOW_RESULTS=1000 KNN_REPEAT=100 UPD_DIST=1.0E-4
QKDZ-P-2	CLUSTER(5.0,0.0,null)	10	64	1000000	0	413838544	413	585	590	590	508	520	721	683	1956	2099	1280000	1450000	1650000	1610000	815	815	622646	11	0	0	0	1039900	1013055	499453	500448	1000000	1000000	0.5007523398826987	0.5027053669630752	0.4992256460517056	0.5090804225972174	-26	544	0	0	0	0	-974	7432	0	0	0	0	277	4314	QuadTreeKD;maxNodeSize=10;maxDepth=50;DEBUG=false;center/radius=[0.49930082135505405, 0.49909707036001355, 0.5001709154524412, 0.4991446182293284, 0.4994970331238028, 0.4998761518675733, 0.49962586133428216, 0.49959995937486695, 0.49853470748218104, 0.5015737952772148]/1.003872452690259 WINDOW_RESULTS=1000 KNN_REPEAT=100 UPD_DIST=1.0E-4
QKDZ-P-0	CLUSTER(5.0,0.0,null)	12	64	1000000	0	1022417240	1022	692	768	768	1903	1853	738	781	2738	2628	5950000	5950000	6750000	6800000	1373	1373	646762	10	0	0	0	964314	966927	499655	499801	1000000	1000000	0.6135362502622377	0.6113115985832895	0.6334492943256577	0.644886916689406	816	1352	0	0	549	6468	-955	6990	0	0	0	0	0	0	QuadTreeKD;maxNodeSize=10;maxDepth=50;DEBUG=false;center/radius=[0.49828580176163983, 0.5001935199758548, 0.5006429822092975, 0.4980015805902008, 0.49920236402605417, 0.49882689855596773, 0.498843572297448, 0.4996152651154032, 0.49961379525474847, 0.49768422975473997, 0.500010555092673, 0.49814413423634457]/1.0062024379471282 WINDOW_RESULTS=1000 KNN_REPEAT=20 UPD_DIST=1.0E-4
QKDZ-P-1	CLUSTER(5.0,0.0,null)	12	64	1000000	0	1036157304	1036	689	774	774	1998	1999	760	784	2795	2528	5050000	5600000	6050000	5600000	1393	1393	645930	10	0	0	0	938604	941730	500671	500083	1000000	1000000	0.6328871152373838	0.625290931941105	0.633668980771446	0.6292723229869728	811	1344	0	0	555	6874	-986	6798	0	0	0	0	0	0	QuadTreeKD;maxNodeSize=10;maxDepth=50;DEBUG=false;center/radius=[0.49933636859926583, 0.49957385370580526, 0.49902593052616623, 0.4997326586708744, 0.49815947851271386, 0.5000455890529224, 0.4994850591434619, 0.4992607998111147, 0.4994995913392798, 0.49983742429629385, 0.498819530643116, 0.5006420297745142]/1.0062712323065897 WINDOW_RESULTS=1000 KNN_REPEAT=20 UPD_DIST=1.0E-4
QKDZ-P-2	CLUSTER(5.0,0.0,null)	12	64	1000000	0	1034201904	1034	674	768	768	1741	1657	734	743	2689	2423	5900000	5950000	6300000	6050000	1379	1379	650905	10	0	0	0	1076621	1112258	500437	500263	1000000	1000000	0.6256608154834234	0.6219547558851566	0.6338254670620216	0.630238391875526	817	1360	0	0	0	0	-54	10780	0	0	0	0	0	0	QuadTreeKD;maxNodeSize=10;maxDepth=50;DEBUG=false;center/radius=[0.5000771929756166, 0.4999997245264997, 0.4999431542299625, 0.4991542369499558, 0.4973840814692491, 0.5009636234868201, 0.4990280213516616, 0.4999850653639171, 0.4990460478418774, 0.4982211650303763, 0.49995384755705563, 0.5008208800361504]/1.0059162612386232 WINDOW_RESULTS=1000 KNN_REPEAT=20 UPD_DIST=1.0E-4
QKDZ-P-0	CLUSTER(5.0,0.0,null)	16	64	1000000	0	12124653248	12124	878	5900	5900	31272	30098	878	896	8131	8385	0	0	0	0	27718	27718	617974	10	0	0	0	959174	972451	499639	500213	1000000	1000000	0.0	0.0	0.0	0.0	-194	8370	0	0	0	0	-3481	2228	0	0	0	0	0	0	QuadTreeKD;maxNodeSize=10;maxDepth=50;DEBUG=false;center/radius=[0.5007995289369317, 0.49998634555088234, 0.502147732693385, 0.4980725102527, 0.49926513141331763, 0.49867178888530295, 0.4998371237383363, 0.4991283426916448, 0.5000331754098165, 0.5000202288554797, 0.4988590937784526, 0.5003211353380149, 0.4997928927195903, 0.4994653716870048, 0.4994401314641348, 0.5009684624441073]/1.0056511236484156 WINDOW_RESULTS=1000 UPD_DIST=1.0E-4
QKDZ-P-1	CLUSTER(5.0,0.0,null)	16	64	1000000	0	12080023528	12080	894	5827	5827	30149	30655	925	864	7396	7618	0	0	0	0	27481	27481	616503	10	0	0	0	1015439	985434	499690	499521	1000000	1000000	0.0	0.0	0.0	0.0	-192	8084	0	0	0	0	-3448	2262	0	0	0	0	0	0	QuadTreeKD;maxNodeSize=10;maxDepth=50;DEBUG=false;center/radius=[0.4999289174943527, 0.49987741421145304, 0.5005036485424507, 0.49927733490236553, 0.4990298112812486, 0.5004196669680991, 0.49940404902505053, 0.49965519293508176, 0.5000705337247965, 0.5010980023905324, 0.49951067429722507, 0.5005458061769303, 0.4993830963688052, 0.49825082438079926, 0.4992979191719103, 0.4993543066886835]/1.0052857132198958 WINDOW_RESULTS=1000 UPD_DIST=1.0E-4
QKDZ-P-2	CLUSTER(5.0,0.0,null)	16	64	1000000	0	12101712904	12101	892	5766	5766	28382	30719	868	848	7364	7798	0	0	0	0	28394	28394	619717	10	0	0	0	1073056	999906	499666	499454	1000000	1000000	0.0	0.0	0.0	0.0	-191	8106	0	0	0	0	-3461	2234	0	0	0	0	0	0	QuadTreeKD;maxNodeSize=10;maxDepth=50;DEBUG=false;center/radius=[0.5007886282402608, 0.49928605673110316, 0.5008657566681256, 0.4994600076923391, 0.49966762529166153, 0.49990413363385133, 0.49949387586295835, 0.5002798843135331, 0.49802333494215567, 0.4995263986822881, 0.4987958624994156, 0.49926257118959333, 0.49948640086965684, 0.5003265542414403, 0.4999402394770153, 0.4983109616413135]/1.004586340350696 WINDOW_RESULTS=1000 UPD_DIST=1.0E-4
QKDZ-P-0-F	CLUSTER(5.0,0.0,null)	20	64	1000000	0	0	0	1100	0	0	0	0	0	0	0	0	0	0	0	0	0	0	0	0	0	0	0	0	0	0	0	0	0	0.0	0.0	0.0	0.0	0	0	0	0	0	0	0	0	0	0	0	0	0	0		Java heap space
QKDZ-P-1-F	CLUSTER(5.0,0.0,null)	20	64	1000000	0	0	0	1088	0	0	0	0	0	0	0	0	0	0	0	0	0	0	0	0	0	0	0	0	0	0	0	0	0	0.0	0.0	0.0	0.0	0	0	0	0	0	0	0	0	0	0	0	0	0	0		Java heap space
QKDZ-P-2-F	CLUSTER(5.0,0.0,null)	20	64	1000000	0	0	0	1082	0	0	0	0	0	0	0	0	0	0	0	0	0	0	0	0	0	0	0	0	0	0	0	0	0	0.0	0.0	0.0	0.0	0	0	0	0	0	0	0	0	0	0	0	0	0	0		Java heap space
