Index	data	dim	bits	N	calcMem	memory	memory/n	gen	load	load/n	q1/n	q2/n	pq1/n	pq2/n	up1/n	up2/n	1-NN1	1-NN2	10-NN1	10-NN2	unload	unload/n	nodes	postLen	AHC	NT	NTinternal	q1-n	q2-n	q1p-n	q2p-n	up1-n	up2-n	d1-1NN	d2-1NN	d1-kNN	d2-kNN	load-s	load-t	w-query-s	w-query-t	p-query-s	p-query-t	update-s	update-t	1-NN-s	1-NN-t	10-NN-s	10-NN-t	unload-s	unload-t	msg	
% Averages
% ========
RSS-P-AVG-3/3	CUBE(1.0,0.0,null)	2	64	1000000	0	129209746	129	71	6381	6381	255	220	1745	1809	0	0	8166	8333	11166	10800	0	0	216580	0	0	0	0	999996	1000452	624460	541112	0	0	4.966896535052022E-4	4.980640123819192E-4	0.0012346094866408442	0.0012364810419738719	-5448	548	-260	1	0	0	0	0	0	0	0	0	0	0	R*Tree-Seeger2;capacityDir=10;capacityData=10;dataNodes=177483;dirNodes=38990 WINDOW_RESULTS=1000 KNN_REPEAT=10000
RSS-P-AVG-3/3	CUBE(1.0,0.0,null)	3	64	1000000	0	149340728	149	99	9638	9638	455	423	3628	3759	0	0	26900	26533	38166	35800	0	0	211713	0	0	0	0	1000546	1001094	583057	541071	0	0	0.00555104901012899	0.005545386162155848	0.010311137994242721	0.010308335453926603	-7121	630	-276	1	0	0	0	0	0	0	0	0	0	0	R*Tree-Seeger2;capacityDir=10;capacityData=10;dataNodes=173152;dirNodes=38413 WINDOW_RESULTS=1000 KNN_REPEAT=10000
RSS-P-AVG-3/3	CUBE(1.0,0.0,null)	4	64	1000000	0	168157034	168	108	12954	12954	1102	1063	8986	9122	0	0	91666	92000	127333	127666	0	0	208499	0	0	0	0	999759	999830	562362	537040	0	0	0.01935176107839474	0.019394400224783004	0.031091077342385132	0.03120137269448726	-8361	2104	-578	1	-218	52	0	0	0	0	0	0	0	0	R*Tree-Seeger2;capacityDir=10;capacityData=10;dataNodes=170678;dirNodes=38047 WINDOW_RESULTS=1000 KNN_REPEAT=1000
RSS-P-AVG-3/3	CUBE(1.0,0.0,null)	5	64	1000000	0	187047517	186	134	15738	15738	2835	2783	19695	20199	0	0	336666	344666	397000	393666	0	0	205878	0	0	0	0	1000111	1000222	549572	533286	0	0	0.0423091960242166	0.04247474658536765	0.062079606924251664	0.062027953953907526	-9756	2132	-1649	4	-160	7118	0	0	-319	0	0	0	0	0	R*Tree-Seeger2;capacityDir=10;capacityData=10;dataNodes=168421;dirNodes=37627 WINDOW_RESULTS=1000 KNN_REPEAT=1000
RSS-P-AVG-3/3	CUBE(1.0,0.0,null)	6	64	1000000	0	205978608	205	150	19058	19058	5666	5728	22471	22992	0	0	576333	597333	801333	796000	0	0	204225	0	0	0	0	1001031	1000759	541046	529634	0	0	0.07295709007237479	0.07205745419518624	0.100402167046217	0.1004078615904375	-11144	2264	-3681	10	-177	3586	0	0	-352	2	-372	2	0	0	R*Tree-Seeger2;capacityDir=10;capacityData=10;dataNodes=167306;dirNodes=37367 WINDOW_RESULTS=1000 KNN_REPEAT=1000
RSS-P-AVG-3/3	CUBE(1.0,0.0,null)	8	64	1000000	0	243857181	243	174	25085	25085	20164	20123	62074	62558	0	0	3269000	3324666	4442000	4418000	0	0	201301	0	0	0	0	1001334	1001940	530931	524479	0	0	0.14716698432649616	0.14823056236491142	0.1896641876483723	0.19008366722867046	-13924	2396	-16541	54	-374	10688	0	0	-869	4	-1252	4	0	0	R*Tree-Seeger2;capacityDir=10;capacityData=10;dataNodes=164040;dirNodes=36609 WINDOW_RESULTS=1000 KNN_REPEAT=1000
RSS-P-AVG-3/3	CUBE(1.0,0.0,null)	10	64	1000000	0	281796280	281	222	31558	31558	44313	44619	126601	125235	0	0	11932666	11906333	15409666	15160333	0	0	199351	0	0	0	0	1001279	1001084	524673	521258	0	0	0.23309098042084778	0.23377310561486467	0.2868428828220049	0.28708345807176977	-16726	2623	-46920	135	-471	10717	0	0	-2931	10	-3908	16	0	0	R*Tree-Seeger2;capacityDir=10;capacityData=10;dataNodes=162920;dirNodes=36665 WINDOW_RESULTS=1000 KNN_REPEAT=1000
RSS-P-AVG-3/3	CUBE(1.0,0.0,null)	12	64	1000000	0	319614685	319	250	38099	38099	67918	68324	110158	108222	0	0	22108333	22260000	30146666	29730000	0	0	197471	0	0	0	0	1002350	1001650	521060	517711	0	0	0.32694712130972703	0.32383914525401236	0.3841106881018062	0.38415916560033697	-19408	2739	-87652	251	-532	10822	0	0	-562	0	-1120	4	0	0	R*Tree-Seeger2;capacityDir=10;capacityData=10;dataNodes=161105;dirNodes=36331 WINDOW_RESULTS=1000 KNN_REPEAT=200
RSS-P-AVG-3/3	CUBE(1.0,0.0,null)	16	64	1000000	0	394726906	394	331	51996	51996	132665	132387	259342	253697	0	0	98816666	101653333	118440000	119241666	0	0	193195	0	0	0	0	1001879	1002611	515289	513537	0	0	0.5044571953074051	0.5056462627223247	0.5767978973452794	0.5782334679029254	-24645	5034	-222085	586	-717	10972	0	0	-2115	6	-2814	8	0	0	R*Tree-Seeger2;capacityDir=10;capacityData=10;dataNodes=157386;dirNodes=35430 WINDOW_RESULTS=1000 KNN_REPEAT=200
RSS-P-AVG-3/3	CUBE(1.0,0.0,null)	20	64	1000000	0	469359109	469	386	69175	69175	211550	213177	573293	579508	0	0	257605000	270151666	279508333	280165000	0	0	189129	0	0	0	0	1001533	1002258	512355	511126	0	0	0.6783312452771523	0.6723055667481047	0.7599712289098576	0.7599409192161706	-29746	6378	-395473	992	-882	11028	0	0	-3384	8	-3383	8	0	0	R*Tree-Seeger2;capacityDir=10;capacityData=10;dataNodes=154147;dirNodes=34705 WINDOW_RESULTS=1000 KNN_REPEAT=200
RSS-P-AVG-3/3	CUBE(1.0,0.0,null)	24	64	1000000	0	543300229	542	454	86928	86928	266479	265730	590241	594616	0	0	381188333	376798333	358600000	359265000	0	0	184746	0	0	0	0	1000072	1000473	510553	510019	0	0	0.8432118104615163	0.8429102530762891	0.9288249737068256	0.929747235438442	-34560	6670	-564168	1368	-986	11097	0	0	-3948	10	-2961	6	0	0	R*Tree-Seeger2;capacityDir=10;capacityData=10;dataNodes=151458;dirNodes=33638 WINDOW_RESULTS=1000 KNN_REPEAT=200
RSS-P-AVG-3/3	CUBE(1.0,0.0,null)	28	64	1000000	0	616875725	616	562	107095	107095	327751	329309	634151	637741	0	0	451390000	451486666	403530000	404606666	0	0	181014	0	0	0	0	1000879	1000218	508875	508428	0	0	0.9966077433183455	0.9957020811681908	1.0890072476987083	1.0881482374150666	-39444	9587	-732289	1912	-1131	10997	0	0	-3350	10	-3350	8	0	0	R*Tree-Seeger2;capacityDir=10;capacityData=10;dataNodes=148469;dirNodes=32379 WINDOW_RESULTS=1000 KNN_REPEAT=200
RSS-P-AVG-3/3	CUBE(1.0,0.0,null)	30	64	1000000	0	653679765	653	554	114186	114186	339074	344025	750296	767802	0	0	472886666	470923333	419078333	418721666	0	0	179669	0	0	0	0	1001011	1000618	508342	507224	0	0	1.0697177693627662	1.0704371682002578	1.1630050939725047	1.1627308247872732	-41727	10362	-821266	2020	-1235	11158	0	0	-3350	10	-3350	10	0	0	R*Tree-Seeger2;capacityDir=10;capacityData=10;dataNodes=147948;dirNodes=32182 WINDOW_RESULTS=1000 KNN_REPEAT=200
RSS-P-AVG-3/3	CUBE(1.0,0.0,null)	40	64	1000000	0	836676434	836	798	172434	172434	435636	435068	801370	771382	0	0	560563333	568410000	508713333	512095000	0	0	173252	0	0	0	0	998175	998796	506801	505980	0	0	1.4159159589480421	1.4200095095350278	1.5112864135390485	1.5113977294520193	-54389	5658	-1210307	3854	-1748	11146	0	0	-3350	12	-3350	12	0	0	R*Tree-Seeger2;capacityDir=10;capacityData=10;dataNodes=143302;dirNodes=29873 WINDOW_RESULTS=1000 KNN_REPEAT=200
% Measurements
% ============
RSS-P-0	CUBE(1.0,0.0,null)	2	64	1000000	0	130149128	130	39	6290	6290	248	218	1716	1750	0	0	8200	8400	11300	10900	0	0	216462	0	0	0	0	1000356	999005	623724	540771	0	0	4.982124829736749E-4	4.963078504328014E-4	0.0012337468206937122	0.0012377087370578385	-5448	554	-260	0	0	0	0	0	0	0	0	0	0	0	R*Tree-Seeger2;capacityDir=10;capacityData=10;dataNodes=177460;dirNodes=39002 WINDOW_RESULTS=1000 KNN_REPEAT=10000
RSS-P-1	CUBE(1.0,0.0,null)	2	64	1000000	0	127330656	127	89	6500	6500	254	223	1788	1878	0	0	8200	8400	11100	10900	0	0	216806	0	0	0	0	1001344	1001740	624644	541361	0	0	4.97767102180122E-4	4.945267574106016E-4	0.001234765041581389	0.0012359511843212593	-5448	550	-260	2	0	0	0	0	0	0	0	0	0	0	R*Tree-Seeger2;capacityDir=10;capacityData=10;dataNodes=177664;dirNodes=39142 WINDOW_RESULTS=1000 KNN_REPEAT=10000
RSS-P-2	CUBE(1.0,0.0,null)	2	64	1000000	0	130149456	130	85	6354	6354	264	219	1733	1799	0	0	8100	8200	11100	10600	0	0	216473	0	0	0	0	998289	1000612	625014	541206	0	0	4.940893753618099E-4	5.033574293023544E-4	0.0012353165976474313	0.001235783204542518	-5448	542	-260	2	0	0	0	0	0	0	0	0	0	0	R*Tree-Seeger2;capacityDir=10;capacityData=10;dataNodes=177483;dirNodes=38990 WINDOW_RESULTS=1000 KNN_REPEAT=10000
RSS-P-0	CUBE(1.0,0.0,null)	3	64	1000000	0	149371944	149	91	9618	9618	453	415	3125	3321	0	0	22700	22700	33400	30500	0	0	211916	0	0	0	0	999455	999477	583280	540103	0	0	0.00553841904242472	0.005522159362619394	0.01032014395051017	0.010320052554053182	-7117	634	-262	2	0	0	0	0	0	0	0	0	0	0	R*Tree-Seeger2;capacityDir=10;capacityData=10;dataNodes=173548;dirNodes=38368 WINDOW_RESULTS=1000 KNN_REPEAT=10000
RSS-P-1	CUBE(1.0,0.0,null)	3	64	1000000	0	149330528	149	106	9649	9649	442	415	3332	3473	0	0	24600	24200	36500	33000	1	1	211658	0	0	0	0	1001150	1002958	582935	541949	0	0	0.0055565564395384116	0.005546329572225731	0.010302345415432715	0.010323751122532447	-7119	628	-262	2	0	0	0	0	0	0	0	0	0	0	R*Tree-Seeger2;capacityDir=10;capacityData=10;dataNodes=173337;dirNodes=38321 WINDOW_RESULTS=1000 KNN_REPEAT=10000
RSS-P-2	CUBE(1.0,0.0,null)	3	64	1000000	0	149319712	149	102	9649	9649	472	441	4427	4483	0	0	33400	32700	44600	43900	0	0	211565	0	0	0	0	1001034	1000848	582958	541161	0	0	0.005558171548423838	0.005567669551622417	0.01031092461678528	0.010281202685194179	-7125	628	-304	0	0	0	0	0	0	0	-287	2	0	0	R*Tree-Seeger2;capacityDir=10;capacityData=10;dataNodes=173152;dirNodes=38413 WINDOW_RESULTS=1000 KNN_REPEAT=10000
RSS-P-0	CUBE(1.0,0.0,null)	4	64	1000000	0	168228976	168	105	12998	12998	1000	969	5536	5792	0	0	61000	61000	85000	86000	0	0	208924	0	0	0	0	998321	998343	562406	536987	0	0	0.019331775824364926	0.019345902870964805	0.03131275762534414	0.031195010927373267	-8360	2130	-578	0	-218	52	0	0	0	0	0	0	0	0	R*Tree-Seeger2;capacityDir=10;capacityData=10;dataNodes=170890;dirNodes=38034 WINDOW_RESULTS=1000 KNN_REPEAT=1000
RSS-P-1	CUBE(1.0,0.0,null)	4	64	1000000	0	168047720	168	104	12914	12914	1228	1178	12254	12376	0	0	127000	130000	153000	159000	0	0	207849	0	0	0	0	999674	1000029	562412	537880	0	0	0.01913789051087057	0.01936999931975359	0.03092877131242392	0.03136356363509253	-8360	2062	-578	0	-218	52	0	0	0	0	-296	2	0	0	R*Tree-Seeger2;capacityDir=10;capacityData=10;dataNodes=170029;dirNodes=37820 WINDOW_RESULTS=1000 KNN_REPEAT=1000
RSS-P-2	CUBE(1.0,0.0,null)	4	64	1000000	0	168194408	168	115	12952	12952	1080	1043	9168	9199	0	0	87000	85000	144000	138000	0	0	208725	0	0	0	0	1001284	1001119	562270	536253	0	0	0.01958561689994873	0.01946729848363062	0.031031703089387346	0.031045543520995977	-8361	2120	-578	4	-218	52	0	0	0	0	0	0	0	0	R*Tree-Seeger2;capacityDir=10;capacityData=10;dataNodes=170678;dirNodes=38047 WINDOW_RESULTS=1000 KNN_REPEAT=1000
RSS-P-0	CUBE(1.0,0.0,null)	5	64	1000000	0	186985840	186	122	15573	15573	3086	3069	26418	27144	0	0	405000	405000	489000	486000	0	0	205544	0	0	0	0	999195	998174	549777	533583	0	0	0.04237954554342827	0.04229781231646147	0.06211775624998286	0.06198887326901318	-9772	2084	-1855	2	-259	10556	0	0	-319	0	0	0	0	0	R*Tree-Seeger2;capacityDir=10;capacityData=10;dataNodes=168126;dirNodes=37418 WINDOW_RESULTS=1000 KNN_REPEAT=1000
RSS-P-1	CUBE(1.0,0.0,null)	5	64	1000000	0	187078456	187	148	15766	15766	2806	2714	18042	18238	0	0	355000	376000	377000	374000	0	0	206043	0	0	0	0	999889	1001629	549452	533899	0	0	0.042291722408729866	0.04264839782665	0.06223784805260372	0.06207839656227088	-9748	2152	-1546	8	0	0	0	0	0	0	0	0	0	0	R*Tree-Seeger2;capacityDir=10;capacityData=10;dataNodes=168476;dirNodes=37567 WINDOW_RESULTS=1000 KNN_REPEAT=1000
RSS-P-2	CUBE(1.0,0.0,null)	5	64	1000000	0	187078256	187	134	15876	15876	2613	2568	14626	15217	0	0	250000	253000	325000	321000	0	0	206048	0	0	0	0	1001250	1000864	549487	532377	0	0	0.042256320120491686	0.04247802961299147	0.06188321647016842	0.06201659203043852	-9747	2160	-1546	4	-222	10798	0	0	-319	2	0	0	0	0	R*Tree-Seeger2;capacityDir=10;capacityData=10;dataNodes=168421;dirNodes=37627 WINDOW_RESULTS=1000 KNN_REPEAT=1000
RSS-P-0	CUBE(1.0,0.0,null)	6	64	1000000	0	206049304	206	158	19181	19181	5332	5340	18019	19106	0	0	486000	486000	725000	742000	0	0	204578	0	0	0	0	1000536	999072	540926	529203	0	0	0.07315604251827583	0.071391662097141	0.10013820175452712	0.09997448413734364	-11127	2314	-3452	10	-276	10698	0	0	-352	2	-372	2	0	0	R*Tree-Seeger2;capacityDir=10;capacityData=10;dataNodes=167279;dirNodes=37299 WINDOW_RESULTS=1000 KNN_REPEAT=1000
RSS-P-1	CUBE(1.0,0.0,null)	6	64	1000000	0	205818472	205	146	18915	18915	6262	6249	29307	29549	0	0	703000	731000	952000	934000	0	0	203424	0	0	0	0	1001717	1002594	540888	530016	0	0	0.07274791023483955	0.07264005513410464	0.10065768032095693	0.10067017062532453	-11162	2222	-4141	10	0	0	0	0	-369	0	-346	2	0	0	R*Tree-Seeger2;capacityDir=10;capacityData=10;dataNodes=166357;dirNodes=37067 WINDOW_RESULTS=1000 KNN_REPEAT=1000
RSS-P-2	CUBE(1.0,0.0,null)	6	64	1000000	0	206068048	206	146	19078	19078	5406	5597	20087	20323	0	0	540000	575000	727000	712000	0	0	204673	0	0	0	0	1000840	1000611	541324	529685	0	0	0.07296731746400897	0.07214064535431307	0.10041061906316695	0.10057893000864433	-11142	2256	-3452	10	-257	60	0	0	-181	7236	-350	2	0	0	R*Tree-Seeger2;capacityDir=10;capacityData=10;dataNodes=167306;dirNodes=37367 WINDOW_RESULTS=1000 KNN_REPEAT=1000
RSS-P-0	CUBE(1.0,0.0,null)	8	64	1000000	0	244042344	244	172	25263	25263	18841	18836	48400	49021	0	0	2514000	2721000	3947000	3959000	0	0	202103	0	0	0	0	999389	1000352	530679	523922	0	0	0.14828287333515772	0.14839604965165434	0.1895866618167305	0.18983798435636193	-13919	2414	-15440	50	-343	10718	0	0	-869	4	-1252	4	0	0	R*Tree-Seeger2;capacityDir=10;capacityData=10;dataNodes=165010;dirNodes=37093 WINDOW_RESULTS=1000 KNN_REPEAT=1000
RSS-P-1	CUBE(1.0,0.0,null)	8	64	1000000	0	243823064	243	175	24826	24826	19619	19321	46543	47053	0	0	2866000	2944000	4133000	4063000	0	0	201153	0	0	0	0	1002201	1001326	531347	525267	0	0	0.1464246307158633	0.14835767353844526	0.19003896227109804	0.1899804493810591	-13928	2380	-15843	46	-386	10722	0	0	-842	4	-1250	4	0	0	R*Tree-Seeger2;capacityDir=10;capacityData=10;dataNodes=164449;dirNodes=36704 WINDOW_RESULTS=1000 KNN_REPEAT=1000
RSS-P-2	CUBE(1.0,0.0,null)	8	64	1000000	0	243706136	243	176	25166	25166	22033	22213	91280	91600	0	0	4427000	4309000	5246000	5232000	0	0	200649	0	0	0	0	1002413	1004144	530768	524250	0	0	0.14679344892846746	0.14793796390463468	0.18936693885728845	0.19043256794859037	-13924	2394	-18339	68	-393	10626	0	0	-835	4	-1667	6	0	0	R*Tree-Seeger2;capacityDir=10;capacityData=10;dataNodes=164040;dirNodes=36609 WINDOW_RESULTS=1000 KNN_REPEAT=1000
RSS-P-0	CUBE(1.0,0.0,null)	10	64	1000000	0	281722984	281	207	31698	31698	46462	46591	141939	141283	0	0	13626000	13682000	17830000	17222000	0	0	199075	0	0	0	0	999487	999895	524765	522051	0	0	0.2334662678807591	0.23239800140685596	0.2866026310673312	0.287253143578006	-16728	2654	-49351	142	-471	10694	0	0	-2931	10	-3908	16	0	0	R*Tree-Seeger2;capacityDir=10;capacityData=10;dataNodes=162547;dirNodes=36528 WINDOW_RESULTS=1000 KNN_REPEAT=1000
RSS-P-1	CUBE(1.0,0.0,null)	10	64	1000000	0	281808256	281	243	31466	31466	44297	44313	143807	139371	0	0	12302000	12446000	15428000	15240000	0	0	199394	0	0	0	0	1002576	1001290	524759	520757	0	0	0.23328511882884037	0.2357488997287497	0.2863097418008319	0.2870897082496543	-16720	2596	-46432	134	-470	10762	0	0	-2443	8	-3421	10	0	0	R*Tree-Seeger2;capacityDir=10;capacityData=10;dataNodes=162814;dirNodes=36580 WINDOW_RESULTS=1000 KNN_REPEAT=1000
RSS-P-2	CUBE(1.0,0.0,null)	10	64	1000000	0	281857600	281	217	31512	31512	42180	42953	94057	95052	0	0	9870000	9591000	12971000	13019000	0	0	199585	0	0	0	0	1001774	1002067	524497	520966	0	0	0.23252155455294385	0.23317241570898836	0.2876162755978516	0.286907522387649	-16729	2620	-44978	130	-471	10696	0	0	-1955	6	-2933	10	0	0	R*Tree-Seeger2;capacityDir=10;capacityData=10;dataNodes=162920;dirNodes=36665 WINDOW_RESULTS=1000 KNN_REPEAT=1000
RSS-P-0	CUBE(1.0,0.0,null)	12	64	1000000	0	319509000	319	253	38088	38088	71555	70908	131989	125537	0	0	25365000	24600000	32715000	32495000	0	0	197112	0	0	0	0	1000124	999510	520413	517319	0	0	0.3248062643779424	0.32171996944083836	0.38857228796107035	0.383260418321845	-19225	2744	-90794	282	-545	10870	0	0	-562	0	-1120	4	0	0	R*Tree-Seeger2;capacityDir=10;capacityData=10;dataNodes=160938;dirNodes=36174 WINDOW_RESULTS=1000 KNN_REPEAT=200
RSS-P-1	CUBE(1.0,0.0,null)	12	64	1000000	0	319731336	319	246	38107	38107	66578	67687	94231	94595	0	0	20350000	20915000	28750000	28820000	0	0	197867	0	0	0	0	1005692	1001725	521463	517759	0	0	0.3315699430389163	0.32322966710449036	0.3831335897198319	0.38350611333324613	-19502	2762	-86371	232	-539	10750	0	0	-1182	4	-1121	4	0	0	R*Tree-Seeger2;capacityDir=10;capacityData=10;dataNodes=161373;dirNodes=36494 WINDOW_RESULTS=1000 KNN_REPEAT=200
RSS-P-2	CUBE(1.0,0.0,null)	12	64	1000000	0	319603720	319	251	38102	38102	65621	66379	104255	104536	0	0	20610000	21265000	28975000	27875000	0	0	197436	0	0	0	0	1001235	1003715	521306	518055	0	0	0.32446515651232244	0.3265677992167085	0.3806261866245164	0.38571096514591985	-19496	2712	-85790	240	-513	10846	0	0	-597	0	-1121	4	0	0	R*Tree-Seeger2;capacityDir=10;capacityData=10;dataNodes=161105;dirNodes=36331 WINDOW_RESULTS=1000 KNN_REPEAT=200
RSS-P-0	CUBE(1.0,0.0,null)	15	64	1000000	0	376051040	376	321	48069	48069	116452	116651	206665	206530	0	0	70040000	71620000	89570000	88130000	0	0	194454	0	0	0	0	1001721	999640	517363	514843	0	0	0.45782196250640284	0.46149135051035356	0.5322135979677783	0.531449937174217	-23415	3000	-183051	506	-655	10936	0	0	-2007	6	-2004	6	0	0	R*Tree-Seeger2;capacityDir=10;capacityData=10;dataNodes=158630;dirNodes=35824 WINDOW_RESULTS=1000 KNN_REPEAT=200
RSS-P-1	CUBE(1.0,0.0,null)	15	64	1000000	0	375829584	375	311	47871	47871	123662	123631	325897	348312	0	0	86315000	91505000	110215000	108865000	0	0	193812	0	0	0	0	1002078	1001573	516275	515617	0	0	0.4600051861677066	0.4630780546550141	0.5271825398406006	0.5302241750533074	-23419	2998	-196965	562	-632	10908	0	0	-2673	8	-3338	10	0	0	R*Tree-Seeger2;capacityDir=10;capacityData=10;dataNodes=158103;dirNodes=35709 WINDOW_RESULTS=1000 KNN_REPEAT=200
RSS-P-2	CUBE(1.0,0.0,null)	15	64	1000000	0	375839032	375	318	47724	47724	119014	118493	291123	291501	0	0	83165000	85175000	104720000	103090000	0	0	193836	0	0	0	0	1002359	1002041	515846	514763	0	0	0.4512548787322872	0.45565886270096306	0.527732225324731	0.5297974312196229	-23420	2972	-191623	508	-559	62	0	0	-2007	6	-2670	6	0	0	R*Tree-Seeger2;capacityDir=10;capacityData=10;dataNodes=158185;dirNodes=35651 WINDOW_RESULTS=1000 KNN_REPEAT=200
RSS-P-0	CUBE(1.0,0.0,null)	16	64	1000000	0	394821440	394	320	51668	51668	128416	127459	160565	161306	0	0	91880000	92585000	110595000	111890000	0	0	193456	0	0	0	0	1000250	1003204	515288	514109	0	0	0.5030446891987149	0.5021609723104605	0.575914544848065	0.5789339962174105	-24634	5032	-212524	572	-757	10914	0	0	-2115	6	-2814	8	0	0	R*Tree-Seeger2;capacityDir=10;capacityData=10;dataNodes=157737;dirNodes=35719 WINDOW_RESULTS=1000 KNN_REPEAT=200
RSS-P-1	CUBE(1.0,0.0,null)	16	64	1000000	0	394769384	394	339	52434	52434	135549	136286	323811	324949	0	0	100895000	107895000	127985000	128635000	0	0	193314	0	0	0	0	1002885	1001379	515326	513309	0	0	0.5072933449569699	0.5119455318226789	0.5755167186477551	0.5785279384061879	-24647	5016	-228667	610	-704	10974	0	0	-2111	6	-2814	8	0	0	R*Tree-Seeger2;capacityDir=10;capacityData=10;dataNodes=157654;dirNodes=35660 WINDOW_RESULTS=1000 KNN_REPEAT=200
RSS-P-2	CUBE(1.0,0.0,null)	16	64	1000000	0	394589896	394	334	51888	51888	134032	133417	293651	274836	0	0	103675000	104480000	116740000	117200000	0	0	192816	0	0	0	0	1002503	1003252	515255	513195	0	0	0.5030335517665303	0.5028322840338345	0.578962428540018	0.5772384690851778	-24652	5054	-225065	578	-690	11030	0	0	-2111	6	-3516	8	0	0	R*Tree-Seeger2;capacityDir=10;capacityData=10;dataNodes=157386;dirNodes=35430 WINDOW_RESULTS=1000 KNN_REPEAT=200
RSS-P-0	CUBE(1.0,0.0,null)	20	64	1000000	0	469482728	469	387	67073	67073	200480	203796	514496	515520	0	0	263080000	300525000	282765000	281570000	0	0	189422	0	0	0	0	1002463	1004587	512608	510597	0	0	0.6782813556320636	0.6737915203909148	0.759135434788526	0.7574593104663279	-29748	6248	-394145	952	-865	10838	0	0	-3384	8	-3383	8	0	0	R*Tree-Seeger2;capacityDir=10;capacityData=10;dataNodes=154527;dirNodes=34895 WINDOW_RESULTS=1000 KNN_REPEAT=200
RSS-P-1	CUBE(1.0,0.0,null)	20	64	1000000	0	469352552	469	397	70305	70305	220005	224134	511414	540064	0	0	249355000	254975000	257915000	258000000	0	0	189115	0	0	0	0	1000832	1000045	512474	511025	0	0	0.6799505071414229	0.6730059324371848	0.7607677399194481	0.7598836563317858	-29741	6464	-398312	1050	-950	11018	0	0	-3383	8	-3382	8	0	0	R*Tree-Seeger2;capacityDir=10;capacityData=10;dataNodes=154290;dirNodes=34825 WINDOW_RESULTS=1000 KNN_REPEAT=200
RSS-P-2	CUBE(1.0,0.0,null)	20	64	1000000	0	469242048	469	375	70147	70147	214165	211601	693970	682942	0	0	260380000	254955000	297845000	300925000	0	0	188852	0	0	0	0	1001306	1002144	511984	511758	0	0	0.6767618730579702	0.670119247416215	0.7600105120215987	0.7624797908503979	-29749	6424	-393962	974	-830	11230	0	0	-3383	12	-3381	10	0	0	R*Tree-Seeger2;capacityDir=10;capacityData=10;dataNodes=154147;dirNodes=34705 WINDOW_RESULTS=1000 KNN_REPEAT=200
RSS-P-0	CUBE(1.0,0.0,null)	24	64	1000000	0	543479696	543	437	84245	84245	258165	258953	468539	476153	0	0	352490000	355325000	342330000	340765000	0	0	185131	0	0	0	0	998898	999819	510522	509750	0	0	0.8430505083105079	0.844754159843103	0.9291630975366179	0.9276759563022831	-34562	6500	-562647	1346	-952	11054	0	0	-3948	10	-2961	6	0	0	R*Tree-Seeger2;capacityDir=10;capacityData=10;dataNodes=151468;dirNodes=33663 WINDOW_RESULTS=1000 KNN_REPEAT=200
RSS-P-1	CUBE(1.0,0.0,null)	24	64	1000000	0	542931336	542	488	87924	87924	262965	259548	646463	636302	0	0	394185000	397935000	379475000	381540000	0	0	184011	0	0	0	0	1000361	1001046	510963	510515	0	0	0.8443237482547606	0.8381200664354068	0.9285193497612708	0.9306528109431603	-34581	6680	-563260	1356	-968	11080	0	0	-2960	8	-2959	6	0	0	R*Tree-Seeger2;capacityDir=10;capacityData=10;dataNodes=150840;dirNodes=33171 WINDOW_RESULTS=1000 KNN_REPEAT=200
RSS-P-2	CUBE(1.0,0.0,null)	24	64	1000000	0	543489656	543	439	88616	88616	278308	278691	655722	671393	0	0	396890000	377135000	353995000	355490000	0	0	185096	0	0	0	0	1000957	1000555	510176	509793	0	0	0.8422611748192803	0.8458565329503575	0.9287924738225884	0.9309129390698825	-34538	6832	-566596	1402	-1036	11158	0	0	-3948	12	-3948	8	0	0	R*Tree-Seeger2;capacityDir=10;capacityData=10;dataNodes=151458;dirNodes=33638 WINDOW_RESULTS=1000 KNN_REPEAT=200
RSS-P-0	CUBE(1.0,0.0,null)	28	64	1000000	0	616751976	616	562	105126	105126	324454	330210	499714	494090	0	0	431630000	428780000	396555000	396485000	0	0	180785	0	0	0	0	1004704	1002557	508555	508033	0	0	1.0005318538976353	0.9983985362943133	1.0855547621648245	1.087014175589497	-39430	9558	-710324	1926	-1096	11132	0	0	-3350	10	-3350	8	0	0	R*Tree-Seeger2;capacityDir=10;capacityData=10;dataNodes=148619;dirNodes=32166 WINDOW_RESULTS=1000 KNN_REPEAT=200
RSS-P-1	CUBE(1.0,0.0,null)	28	64	1000000	0	617091472	617	567	108354	108354	333382	329141	704236	712390	0	0	460655000	463830000	409375000	414435000	0	0	181409	0	0	0	0	998104	1000178	508841	508806	0	0	0.9929212221705529	0.9942399702958282	1.0897477940772955	1.0881883915260866	-39471	9654	-744947	1860	-1199	10854	0	0	-3357	8	-3350	12	0	0	R*Tree-Seeger2;capacityDir=10;capacityData=10;dataNodes=148695;dirNodes=32714 WINDOW_RESULTS=1000 KNN_REPEAT=200
RSS-P-2	CUBE(1.0,0.0,null)	28	64	1000000	0	616783728	616	557	107805	107805	325419	328576	698505	706744	0	0	461885000	461850000	404660000	402900000	0	0	180848	0	0	0	0	999829	997919	509229	508447	0	0	0.996370153886848	0.9944677369144307	1.0917191868540046	1.0892421451296161	-39432	9550	-741596	1952	-1096	11006	0	0	-3350	12	-3350	10	0	0	R*Tree-Seeger2;capacityDir=10;capacityData=10;dataNodes=148469;dirNodes=32379 WINDOW_RESULTS=1000 KNN_REPEAT=200
RSS-P-0	CUBE(1.0,0.0,null)	30	64	1000000	0	653293008	653	554	114376	114376	335905	338721	796103	834551	0	0	477070000	474955000	421135000	424220000	0	0	179004	0	0	0	0	1001597	1002341	508444	507085	0	0	1.0707398661707273	1.0756954061987907	1.1625219301383862	1.1599048975325812	-41588	10598	-814193	2018	-1119	11306	0	0	-3350	10	-3350	10	0	0	R*Tree-Seeger2;capacityDir=10;capacityData=10;dataNodes=147258;dirNodes=31746 WINDOW_RESULTS=1000 KNN_REPEAT=200
RSS-P-1	CUBE(1.0,0.0,null)	30	64	1000000	0	653799064	653	558	113982	113982	341784	345078	694720	698929	0	0	470850000	470395000	421905000	418975000	0	0	179875	0	0	0	0	1002368	1001508	508856	506936	0	0	1.0726338525968422	1.0634982851545354	1.1635820432083483	1.162713229862297	-41974	10178	-827595	2040	-1489	10990	0	0	-3357	42	-3350	12	0	0	R*Tree-Seeger2;capacityDir=10;capacityData=10;dataNodes=147703;dirNodes=32172 WINDOW_RESULTS=1000 KNN_REPEAT=200
RSS-P-2	CUBE(1.0,0.0,null)	30	64	1000000	0	653947224	653	552	114201	114201	339535	348276	760066	769928	0	0	470740000	467420000	414195000	412970000	0	0	180130	0	0	0	0	999068	998007	507726	507653	0	0	1.065779589320729	1.0721178132474471	1.1629113085707794	1.1655743469669417	-41618	10310	-822011	2004	-1097	11180	0	0	-3350	8	-3350	12	0	0	R*Tree-Seeger2;capacityDir=10;capacityData=10;dataNodes=147948;dirNodes=32182 WINDOW_RESULTS=1000 KNN_REPEAT=200
RSS-P-0	CUBE(1.0,0.0,null)	40	64	1000000	0	836588096	836	851	169786	169786	422876	426679	825571	812373	0	0	560405000	569825000	518065000	518490000	0	0	173101	0	0	0	0	1000859	1001900	506245	506178	0	0	1.4214636197157364	1.4210703304408512	1.507374388517538	1.5095464413947761	-54510	7266	-1209562	3766	-2355	11328	0	0	-3350	12	-3350	12	0	0	R*Tree-Seeger2;capacityDir=10;capacityData=10;dataNodes=143237;dirNodes=29864 WINDOW_RESULTS=1000 KNN_REPEAT=200
RSS-P-1	CUBE(1.0,0.0,null)	40	64	1000000	0	836818008	836	762	174095	174095	437488	431512	774383	741262	0	0	563650000	575970000	509035000	511100000	0	0	173480	0	0	0	0	997274	998129	507084	506544	0	0	1.4129865016929446	1.4165098845881898	1.5139229856944714	1.509492127608376	-54115	4844	-1211796	3922	-1219	11204	0	0	-3350	14	-3350	12	0	0	R*Tree-Seeger2;capacityDir=10;capacityData=10;dataNodes=143416;dirNodes=30064 WINDOW_RESULTS=1000 KNN_REPEAT=200
RSS-P-2	CUBE(1.0,0.0,null)	40	64	1000000	0	836623200	836	783	173423	173423	446544	447014	804158	760512	0	0	557635000	559435000	499040000	506695000	0	0	173175	0	0	0	0	996392	996361	507075	505219	0	0	1.4132977554354462	1.4224483135760428	1.5125618664051363	1.515154619352906	-54541	4864	-1209562	3876	-1671	10908	0	0	-3326	66	-3350	12	0	0	R*Tree-Seeger2;capacityDir=10;capacityData=10;dataNodes=143302;dirNodes=29873 WINDOW_RESULTS=1000 KNN_REPEAT=200
