Index	data	dim	bits	N	calcMem	memory	memory/n	gen	load	load/n	q1/n	q2/n	pq1/n	pq2/n	up1/n	up2/n	1-NN1	1-NN2	10-NN1	10-NN2	unload	unload/n	nodes	postLen	AHC	NT	NTinternal	q1-n	q2-n	q1p-n	q2p-n	up1-n	up2-n	d1-1NN	d2-1NN	d1-kNN	d2-kNN	load-s	load-t	w-query-s	w-query-t	p-query-s	p-query-t	update-s	update-t	1-NN-s	1-NN-t	10-NN-s	10-NN-t	unload-s	unload-t	msg	
% Averages
% ========
RSZ-P-AVG-3/3	CLUSTER(5.0,0.0,null)	2	64	1000000	0	79182194	79	155	4473	4473	87	45	1040	1069	7274	7451	6000	6033	12766	12533	1207	1207	151375	7	0	0	0	1000447	976568	499099	499645	1000000	1000000	0.012766143393021059	0.012731108374913272	0.013294843786899506	0.013322178244886197	-1268	211	0	0	-214	46	-1903	1836	0	0	0	0	-276	41	RTreeZ;RStarTreeLogic;size=1000000;nNodes=151439;dir_m/M=2/10;data_m/M=2/10 WINDOW_RESULTS=1000 KNN_REPEAT=10000 UPD_DIST=1.0E-4
RSZ-P-AVG-3/3	CLUSTER(5.0,0.0,null)	3	64	1000000	0	90037749	90	203	5395	5395	80	51	1562	1594	11056	12219	15533	15433	38433	38000	1864	1864	150163	7	0	0	0	1007584	1003849	499718	499393	1000000	1000000	0.05419837995319996	0.054319932380711124	0.054780792327908424	0.05500246729045388	-1255	184	0	0	-198	49	-2532	2786	0	0	-308	2	-278	27	RTreeZ;RStarTreeLogic;size=1000000;nNodes=150142;dir_m/M=2/10;data_m/M=2/10 WINDOW_RESULTS=1000 KNN_REPEAT=10000 UPD_DIST=1.0E-4
RSZ-P-AVG-3/3	CLUSTER(5.0,0.0,null)	4	64	1000000	0	99461704	99	262	6813	6813	99	58	2167	2169	14616	16481	33333	33333	76000	75333	2543	2543	148549	7	0	0	0	1054509	1007909	499857	499609	1000000	1000000	0.11099466532988216	0.11114382452950704	0.111768886859156	0.11121427918760061	-1247	182	0	0	0	0	-2695	3156	0	0	0	0	-274	32	RTreeZ;RStarTreeLogic;size=1000000;nNodes=148519;dir_m/M=2/10;data_m/M=2/10 WINDOW_RESULTS=1000 KNN_REPEAT=1000 UPD_DIST=1.0E-4
RSZ-P-AVG-3/3	CLUSTER(5.0,0.0,null)	5	64	1000000	0	109530970	109	310	8457	8457	109	58	2088	2087	16261	18296	46000	46000	100333	105000	2823	2823	146999	7	0	0	0	1028606	1020580	499530	500050	1000000	1000000	0.17472552637964997	0.17347465696022346	0.17478816782743212	0.17494895532209842	-1489	214	0	0	0	0	-2730	4582	0	0	-296	0	-138	2768	RTreeZ;RStarTreeLogic;size=1000000;nNodes=146892;dir_m/M=2/10;data_m/M=2/10 WINDOW_RESULTS=1000 KNN_REPEAT=1000 UPD_DIST=1.0E-4
RSZ-P-AVG-3/3	CLUSTER(5.0,0.0,null)	6	64	1000000	0	119408746	119	372	9832	9832	119	84	2955	2986	20947	24493	116666	96666	226666	196666	3782	3782	145281	7	0	0	0	1038435	1013732	499367	499934	1000000	1000000	0.24069350662311825	0.23762955340143907	0.24446658063566332	0.23961456638522916	-1480	214	0	0	0	0	-3007	14804	0	0	0	0	-177	24	RTreeZ;RStarTreeLogic;size=1000000;nNodes=144942;dir_m/M=2/10;data_m/M=2/10 WINDOW_RESULTS=1000 KNN_REPEAT=100 UPD_DIST=1.0E-4
RSZ-P-AVG-3/3	CLUSTER(5.0,0.0,null)	8	64	1000000	0	139712162	139	479	12995	12995	139	109	2920	2930	24267	28372	196666	180000	360000	306666	4277	4277	141673	7	0	0	0	986496	985181	499679	500204	1000000	1000000	0.37463157028187144	0.379871630888539	0.37876282975497116	0.3853521781964089	-1465	206	0	0	0	0	-3142	8610	0	0	0	0	-178	19	RTreeZ;RStarTreeLogic;size=1000000;nNodes=141785;dir_m/M=2/10;data_m/M=2/10 WINDOW_RESULTS=1000 KNN_REPEAT=100 UPD_DIST=1.0E-4
RSZ-P-AVG-3/3	CLUSTER(5.0,0.0,null)	10	64	1000000	0	159441576	159	584	16348	16348	190	141	3045	3010	27520	30617	303333	293333	473333	443333	4805	4805	138780	7	0	0	0	1032374	1022504	499592	500742	1000000	1000000	0.500135667918466	0.5018915325380049	0.5092851416397347	0.5058069446066715	-1536	2746	0	0	0	0	-3223	5390	0	0	0	0	-446	4327	RTreeZ;RStarTreeLogic;size=1000000;nNodes=138768;dir_m/M=2/10;data_m/M=2/10 WINDOW_RESULTS=1000 KNN_REPEAT=100 UPD_DIST=1.0E-4
RSZ-P-AVG-3/3	CLUSTER(5.0,0.0,null)	12	64	1000000	0	178994597	178	698	20231	20231	203	172	2984	2984	31285	34087	483333	516666	783333	766666	4832	4832	136217	7	0	0	0	993179	1006971	500254	500049	1000000	1000000	0.6240280603276817	0.6195190954698504	0.6336479140530418	0.6347992105173016	-1682	222	0	0	0	0	-3389	6516	0	0	0	0	-389	2622	RTreeZ;RStarTreeLogic;size=1000000;nNodes=136356;dir_m/M=2/10;data_m/M=2/10 WINDOW_RESULTS=1000 KNN_REPEAT=20 UPD_DIST=1.0E-4
RSZ-P-AVG-3/3	CLUSTER(5.0,0.0,null)	16	64	1000000	0	218232256	218	911	28419	28419	286	229	3097	3089	39531	42002	866666	850000	1266666	1016666	5906	5906	132630	7	0	0	0	1015889	985930	499665	499729	1000000	1000000	0.8606496378108254	0.8191063567216963	0.843245620130029	0.8293616174387607	-1976	3878	0	0	0	0	-3957	14370	0	0	0	0	-465	2988	RTreeZ;RStarTreeLogic;size=1000000;nNodes=132830;dir_m/M=2/10;data_m/M=2/10 WINDOW_RESULTS=1000 KNN_REPEAT=20 UPD_DIST=1.0E-4
RSZ-P-AVG-3/3	CLUSTER(5.0,0.0,null)	20	64	1000000	0	257285170	257	1119	37408	37408	330	279	0	0	0	0	1116666	1000000	1566666	1366666	0	0	130369	7	0	0	0	983835	997488	0	0	0	0	1.0326066392940454	1.0171875347731096	1.0514543492850346	1.033516848272917	-2050	8183	0	0	0	0	0	0	0	0	0	0	0	0	RTreeZ;RStarTreeLogic;size=1000000;nNodes=130303;dir_m/M=2/10;data_m/M=2/10 WINDOW_RESULTS=1000 KNN_REPEAT=20
RSZ-R-AVG-3/3	CLUSTER(5.0,0.0,null)	24	64	1000000	0	501656602	501	1844	48805	48805	418	375	0	0	0	0	1566666	1666666	2283333	2316666	0	0	128757	7	0	0	0	996077	996456	0	0	0	0	1.2196305710997015	1.2122333329126367	1.1994741039712784	1.2544214328069552	-1729	46078	0	0	0	0	0	0	0	0	0	0	0	0	RTreeZ;RStarTreeLogic;size=1000000;nNodes=128673;dir_m/M=2/10;data_m/M=2/10 WINDOW_RESULTS=1000 KNN_REPEAT=20
RSZ-R-AVG-3/3	CLUSTER(5.0,0.0,null)	28	64	1000000	0	572795205	572	2122	60943	60943	457	401	0	0	0	0	2200000	2366666	2700000	2516666	0	0	127538	7	0	0	0	1020184	1051270	0	0	0	0	1.3817211292294642	1.3981413059033863	1.3881009753155433	1.3580751758631002	-1621	58100	0	0	0	0	0	0	0	0	0	0	0	0	RTreeZ;RStarTreeLogic;size=1000000;nNodes=127630;dir_m/M=2/10;data_m/M=2/10 WINDOW_RESULTS=1000 KNN_REPEAT=20
RSZ-P-AVG-3/3	CLUSTER(5.0,0.0,null)	30	64	1000000	0	355720288	355	1665	66169	66169	430	397	0	0	0	0	2300000	2233333	2900000	2833333	0	0	127091	7	0	0	0	1018956	1029677	0	0	0	0	1.4507425038531079	1.45241113254196	1.4686307637956932	1.4428359159755095	-2470	32907	0	0	0	0	0	0	0	0	0	0	0	0	RTreeZ;RStarTreeLogic;size=1000000;nNodes=127060;dir_m/M=2/10;data_m/M=2/10 WINDOW_RESULTS=1000 KNN_REPEAT=20
RSZ-P-AVG-3/3	CLUSTER(5.0,0.0,null)	40	64	1000000	0	454403205	454	2202	99192	99192	531	512	0	0	0	0	4933333	3700000	5150000	4166666	0	0	125176	7	0	0	0	1026288	1030911	0	0	0	0	1.794873058161401	1.8098605850021006	1.7721018860977271	1.7967419665108595	-3207	39460	0	0	0	0	0	0	0	0	0	0	0	0	RTreeZ;RStarTreeLogic;size=1000000;nNodes=125167;dir_m/M=2/10;data_m/M=2/10 WINDOW_RESULTS=1000 KNN_REPEAT=20
% Measurements
% ============
RSZ-P-0	CLUSTER(5.0,0.0,null)	2	64	1000000	0	79170808	79	142	4566	4566	88	46	1067	1098	7339	7505	6400	6500	13200	13100	1178	1178	151310	7	0	0	0	1020904	999347	498602	499311	1000000	1000000	0.012724220820940206	0.012691452497892676	0.01309677440883581	0.0133513722958906	-1268	210	0	0	-214	46	-2068	2622	0	0	0	0	-272	44	RTreeZ;RStarTreeLogic;size=1000000;nNodes=151310;dir_m/M=2/10;data_m/M=2/10 WINDOW_RESULTS=1000 KNN_REPEAT=10000 UPD_DIST=1.0E-4
RSZ-P-1	CLUSTER(5.0,0.0,null)	2	64	1000000	0	79182344	79	165	4372	4372	88	45	1059	1092	7417	7551	6100	6100	13200	13000	1234	1234	151376	7	0	0	0	976580	978349	499115	499909	1000000	1000000	0.01300601503528662	0.012918129577840914	0.013467676855195001	0.013542198657485831	-1268	214	0	0	-214	46	-1797	2534	0	0	0	0	-273	48	RTreeZ;RStarTreeLogic;size=1000000;nNodes=151376;dir_m/M=2/10;data_m/M=2/10 WINDOW_RESULTS=1000 KNN_REPEAT=10000 UPD_DIST=1.0E-4
RSZ-P-2	CLUSTER(5.0,0.0,null)	2	64	1000000	0	79193432	79	159	4482	4482	86	46	995	1018	7067	7298	5500	5500	11900	11500	1211	1211	151439	7	0	0	0	1003857	952008	499581	499717	1000000	1000000	0.01256819432283635	0.01258374304900622	0.013320080096667708	0.013072963781282157	-1268	210	0	0	-214	46	-1844	352	0	0	0	0	-283	32	RTreeZ;RStarTreeLogic;size=1000000;nNodes=151439;dir_m/M=2/10;data_m/M=2/10 WINDOW_RESULTS=1000 KNN_REPEAT=10000 UPD_DIST=1.0E-4
RSZ-P-0	CLUSTER(5.0,0.0,null)	3	64	1000000	0	90022544	90	200	5431	5431	99	52	1524	1588	11132	12420	14500	14500	37600	36200	1935	1935	150080	7	0	0	0	1030695	1009386	499939	498463	1000000	1000000	0.05466107196741907	0.05458481027037169	0.05512982026722505	0.05508914148757553	-1255	184	0	0	-198	50	-2791	2828	0	0	-308	2	-276	32	RTreeZ;RStarTreeLogic;size=1000000;nNodes=150080;dir_m/M=2/10;data_m/M=2/10 WINDOW_RESULTS=1000 KNN_REPEAT=10000 UPD_DIST=1.0E-4
RSZ-P-1	CLUSTER(5.0,0.0,null)	3	64	1000000	0	90056296	90	214	5361	5361	87	51	1616	1625	11219	12115	16100	16200	39900	39800	1815	1815	150269	7	0	0	0	1006439	981767	499851	500135	1000000	1000000	0.054026462819069455	0.05406714187510115	0.05460974098412291	0.05475177087984605	-1255	186	0	0	-198	48	-2534	2800	0	0	-308	2	-279	28	RTreeZ;RStarTreeLogic;size=1000000;nNodes=150269;dir_m/M=2/10;data_m/M=2/10 WINDOW_RESULTS=1000 KNN_REPEAT=10000 UPD_DIST=1.0E-4
RSZ-P-2	CLUSTER(5.0,0.0,null)	3	64	1000000	0	90034408	90	195	5395	5395	54	51	1546	1569	10817	12124	16000	15600	37800	38000	1843	1843	150142	7	0	0	0	985620	1020395	499364	499583	1000000	1000000	0.05390760507311137	0.05430784499666055	0.05460281573237733	0.05516648950394006	-1256	184	0	0	-198	50	-2272	2730	0	0	-308	0	-279	22	RTreeZ;RStarTreeLogic;size=1000000;nNodes=150142;dir_m/M=2/10;data_m/M=2/10 WINDOW_RESULTS=1000 KNN_REPEAT=10000 UPD_DIST=1.0E-4
RSZ-P-0	CLUSTER(5.0,0.0,null)	4	64	1000000	0	99468552	99	272	6751	6751	105	59	2123	2125	14713	16720	34000	33000	71000	76000	2624	2624	148582	7	0	0	0	1060860	1048892	499776	499530	1000000	1000000	0.11064239757004048	0.11110994189523656	0.11103586103099321	0.11119382842522094	-1247	184	0	0	0	0	-2531	3110	0	0	0	0	-277	28	RTreeZ;RStarTreeLogic;size=1000000;nNodes=148582;dir_m/M=2/10;data_m/M=2/10 WINDOW_RESULTS=1000 KNN_REPEAT=1000 UPD_DIST=1.0E-4
RSZ-P-1	CLUSTER(5.0,0.0,null)	4	64	1000000	0	99461176	99	268	6926	6926	90	59	2293	2307	15273	17158	34000	35000	79000	76000	2684	2684	148547	7	0	0	0	1083948	1031091	500032	500431	1000000	1000000	0.11240231044219695	0.11162480493528688	0.11206801842287202	0.11201914886534722	-1247	182	0	0	0	0	-3034	3240	0	0	0	0	-268	40	RTreeZ;RStarTreeLogic;size=1000000;nNodes=148547;dir_m/M=2/10;data_m/M=2/10 WINDOW_RESULTS=1000 KNN_REPEAT=1000 UPD_DIST=1.0E-4
RSZ-P-2	CLUSTER(5.0,0.0,null)	4	64	1000000	0	99455384	99	246	6762	6762	103	56	2087	2077	13864	15565	32000	32000	78000	74000	2322	2322	148519	7	0	0	0	1018720	943745	499763	498866	1000000	1000000	0.10993928797740904	0.11069672675799766	0.11220278112360278	0.11042986027223367	-1248	180	0	0	0	0	-2521	3118	0	0	0	0	-276	28	RTreeZ;RStarTreeLogic;size=1000000;nNodes=148519;dir_m/M=2/10;data_m/M=2/10 WINDOW_RESULTS=1000 KNN_REPEAT=1000 UPD_DIST=1.0E-4
RSZ-P-0	CLUSTER(5.0,0.0,null)	5	64	1000000	0	109520720	109	309	8527	8527	111	59	2155	2154	16908	19517	48000	47000	103000	100000	3083	3083	146955	7	0	0	0	965963	990859	499693	500317	1000000	1000000	0.17525371709067206	0.1744046099315237	0.17349848475907317	0.1735701407255465	-1488	216	0	0	0	0	-2970	3550	0	0	-296	0	-343	4112	RTreeZ;RStarTreeLogic;size=1000000;nNodes=146955;dir_m/M=2/10;data_m/M=2/10 WINDOW_RESULTS=1000 KNN_REPEAT=1000 UPD_DIST=1.0E-4
RSZ-P-1	CLUSTER(5.0,0.0,null)	5	64	1000000	0	109564400	109	322	8435	8435	107	58	2030	2040	15706	16853	45000	44000	96000	96000	2532	2532	147150	7	0	0	0	1057994	1039406	499587	500534	1000000	1000000	0.17491969887406048	0.17270993854342148	0.17474642219994807	0.1750662578117685	-1489	214	0	0	0	0	-2251	6776	0	0	-292	0	0	0	RTreeZ;RStarTreeLogic;size=1000000;nNodes=147150;dir_m/M=2/10;data_m/M=2/10 WINDOW_RESULTS=1000 KNN_REPEAT=1000 UPD_DIST=1.0E-4
RSZ-P-2	CLUSTER(5.0,0.0,null)	5	64	1000000	0	109507792	109	301	8409	8409	110	59	2081	2067	16169	18518	45000	47000	102000	119000	2855	2855	146892	7	0	0	0	1061862	1031477	499310	499299	1000000	1000000	0.17400316317421743	0.17330942240572525	0.17611959652327508	0.17621046742898022	-1489	214	0	0	0	0	-2970	3420	0	0	-296	2	-70	4192	RTreeZ;RStarTreeLogic;size=1000000;nNodes=146892;dir_m/M=2/10;data_m/M=2/10 WINDOW_RESULTS=1000 KNN_REPEAT=1000 UPD_DIST=1.0E-4
RSZ-P-0	CLUSTER(5.0,0.0,null)	6	64	1000000	0	119478816	119	379	9756	9756	141	82	2873	2940	20089	22931	110000	100000	220000	180000	3555	3555	145570	7	0	0	0	973191	969573	499015	499629	1000000	1000000	0.23193062835808942	0.24092830030897122	0.24185101976580708	0.22642868421710208	-1481	212	0	0	0	0	-2914	14906	0	0	0	0	-270	30	RTreeZ;RStarTreeLogic;size=1000000;nNodes=145570;dir_m/M=2/10;data_m/M=2/10 WINDOW_RESULTS=1000 KNN_REPEAT=100 UPD_DIST=1.0E-4
RSZ-P-1	CLUSTER(5.0,0.0,null)	6	64	1000000	0	119420512	119	355	9866	9866	123	86	3062	3104	21434	25135	120000	100000	230000	220000	3852	3852	145332	7	0	0	0	1142699	1072971	499253	500338	1000000	1000000	0.2449725031355232	0.2461837956267551	0.24982957186354157	0.2410732794590921	-1480	216	0	0	0	0	-2945	14730	0	0	0	0	-261	44	RTreeZ;RStarTreeLogic;size=1000000;nNodes=145332;dir_m/M=2/10;data_m/M=2/10 WINDOW_RESULTS=1000 KNN_REPEAT=100 UPD_DIST=1.0E-4
RSZ-P-2	CLUSTER(5.0,0.0,null)	6	64	1000000	0	119326912	119	383	9874	9874	94	86	2932	2916	21320	25415	120000	90000	230000	190000	3940	3940	144942	7	0	0	0	999417	998652	499833	499837	1000000	1000000	0.24517738837574204	0.22577656426859086	0.2417191502776413	0.2513417354794933	-1480	216	0	0	0	0	-3163	14778	0	0	0	0	0	0	RTreeZ;RStarTreeLogic;size=1000000;nNodes=144942;dir_m/M=2/10;data_m/M=2/10 WINDOW_RESULTS=1000 KNN_REPEAT=100 UPD_DIST=1.0E-4
RSZ-P-0	CLUSTER(5.0,0.0,null)	8	64	1000000	0	139678200	139	483	13034	13034	149	112	2744	2746	23963	27494	180000	170000	340000	310000	4047	4047	141552	7	0	0	0	944575	926831	499427	499737	1000000	1000000	0.3675775783013699	0.3766905588744329	0.3791550559817204	0.3848321994288847	-1465	202	0	0	0	0	-2991	11140	0	0	0	0	-259	40	RTreeZ;RStarTreeLogic;size=1000000;nNodes=141552;dir_m/M=2/10;data_m/M=2/10 WINDOW_RESULTS=1000 KNN_REPEAT=100 UPD_DIST=1.0E-4
RSZ-P-1	CLUSTER(5.0,0.0,null)	8	64	1000000	0	139713728	139	484	12963	12963	148	105	2835	2860	23744	28603	190000	170000	330000	280000	4413	4413	141682	7	0	0	0	1065579	1067503	500009	500955	1000000	1000000	0.37742322875029644	0.38168797590597586	0.3767922288694505	0.3844622579244964	-1465	210	0	0	0	0	-2993	11028	0	0	0	0	0	0	RTreeZ;RStarTreeLogic;size=1000000;nNodes=141682;dir_m/M=2/10;data_m/M=2/10 WINDOW_RESULTS=1000 KNN_REPEAT=100 UPD_DIST=1.0E-4
RSZ-P-2	CLUSTER(5.0,0.0,null)	8	64	1000000	0	139744560	139	471	12989	12989	122	111	3181	3184	25096	29020	220000	200000	410000	330000	4371	4371	141785	7	0	0	0	949336	961210	499603	499920	1000000	1000000	0.37889390379394816	0.38123635788520815	0.38034120441374253	0.3867620772358455	-1465	208	0	0	0	0	-3440	3662	0	0	0	0	-276	18	RTreeZ;RStarTreeLogic;size=1000000;nNodes=141785;dir_m/M=2/10;data_m/M=2/10 WINDOW_RESULTS=1000 KNN_REPEAT=100 UPD_DIST=1.0E-4
RSZ-P-0	CLUSTER(5.0,0.0,null)	10	64	1000000	0	159402328	159	593	16529	16529	191	139	3096	3011	27240	30558	310000	290000	470000	450000	4972	4972	138654	7	0	0	0	1014165	1057509	499772	501500	1000000	1000000	0.4930997032287065	0.4899218081907689	0.518769857687605	0.49924828900748286	-1535	2810	0	0	0	0	-2979	5428	0	0	0	0	-519	6812	RTreeZ;RStarTreeLogic;size=1000000;nNodes=138654;dir_m/M=2/10;data_m/M=2/10 WINDOW_RESULTS=1000 KNN_REPEAT=100 UPD_DIST=1.0E-4
RSZ-P-1	CLUSTER(5.0,0.0,null)	10	64	1000000	0	159485328	159	585	16237	16237	189	142	2858	2847	26910	29362	300000	290000	490000	430000	4519	4519	138919	7	0	0	0	1043057	996949	499552	500279	1000000	1000000	0.5065549606439925	0.5130474224601705	0.5098599211798935	0.5090921222153142	-1540	2662	0	0	0	0	-3126	5279	0	0	0	0	-505	6152	RTreeZ;RStarTreeLogic;size=1000000;nNodes=138919;dir_m/M=2/10;data_m/M=2/10 WINDOW_RESULTS=1000 KNN_REPEAT=100 UPD_DIST=1.0E-4
RSZ-P-2	CLUSTER(5.0,0.0,null)	10	64	1000000	0	159437072	159	575	16278	16278	191	142	3181	3174	28411	31931	300000	300000	460000	450000	4925	4925	138768	7	0	0	0	1039900	1013055	499453	500448	1000000	1000000	0.5007523398826987	0.5027053669630752	0.4992256460517056	0.5090804225972174	-1534	2766	0	0	0	0	-3565	5464	0	0	0	0	-314	18	RTreeZ;RStarTreeLogic;size=1000000;nNodes=138768;dir_m/M=2/10;data_m/M=2/10 WINDOW_RESULTS=1000 KNN_REPEAT=100 UPD_DIST=1.0E-4
RSZ-P-0	CLUSTER(5.0,0.0,null)	12	64	1000000	0	178961544	178	696	20078	20078	201	165	2879	2866	30902	33109	450000	500000	900000	750000	4554	4554	136120	7	0	0	0	964314	966927	499655	499801	1000000	1000000	0.6135362502622377	0.6113115985832895	0.6334492943256577	0.644886916689406	-1682	222	0	0	0	0	-3496	6510	0	0	0	0	-340	40	RTreeZ;RStarTreeLogic;size=1000000;nNodes=136120;dir_m/M=2/10;data_m/M=2/10 WINDOW_RESULTS=1000 KNN_REPEAT=20 UPD_DIST=1.0E-4
RSZ-P-1	CLUSTER(5.0,0.0,null)	12	64	1000000	0	178980232	178	703	20156	20156	224	182	2951	2965	31147	34251	500000	550000	700000	750000	4908	4908	136175	7	0	0	0	938604	941730	500671	500083	1000000	1000000	0.6328871152373838	0.625290931941105	0.633668980771446	0.6292723229869728	-1681	224	0	0	0	0	-3497	6588	0	0	0	0	-337	46	RTreeZ;RStarTreeLogic;size=1000000;nNodes=136175;dir_m/M=2/10;data_m/M=2/10 WINDOW_RESULTS=1000 KNN_REPEAT=20 UPD_DIST=1.0E-4
RSZ-P-2	CLUSTER(5.0,0.0,null)	12	64	1000000	0	179042016	179	697	20460	20460	185	171	3122	3121	31807	34901	500000	500000	750000	800000	5034	5034	136356	7	0	0	0	1076621	1112258	500437	500263	1000000	1000000	0.6256608154834234	0.6219547558851566	0.6338254670620216	0.630238391875526	-1682	222	0	0	0	0	-3175	6452	0	0	0	0	-489	7780	RTreeZ;RStarTreeLogic;size=1000000;nNodes=136356;dir_m/M=2/10;data_m/M=2/10 WINDOW_RESULTS=1000 KNN_REPEAT=20 UPD_DIST=1.0E-4
RSZ-P-0	CLUSTER(5.0,0.0,null)	16	64	1000000	0	218261560	218	929	28780	28780	285	233	3098	3122	39427	40809	850000	750000	1400000	1050000	5525	5525	132707	7	0	0	0	959174	972451	499639	500213	1000000	1000000	0.8373419807279292	0.8091305303878163	0.8102787109970553	0.8323539424227728	-1976	3880	0	0	0	0	-3882	8544	0	0	0	0	-550	8840	RTreeZ;RStarTreeLogic;size=1000000;nNodes=132707;dir_m/M=2/10;data_m/M=2/10 WINDOW_RESULTS=1000 KNN_REPEAT=20 UPD_DIST=1.0E-4
RSZ-P-1	CLUSTER(5.0,0.0,null)	16	64	1000000	0	218121944	218	895	28623	28623	309	227	2974	2959	39571	41251	850000	1050000	1200000	1000000	5642	5642	132355	7	0	0	0	1015439	985434	499690	499521	1000000	1000000	0.908982383967787	0.8383355871414132	0.8513424760688254	0.855192907892186	-1971	4022	0	0	0	0	-3992	17306	0	0	0	0	-436	48	RTreeZ;RStarTreeLogic;size=1000000;nNodes=132355;dir_m/M=2/10;data_m/M=2/10 WINDOW_RESULTS=1000 KNN_REPEAT=20 UPD_DIST=1.0E-4
RSZ-P-2	CLUSTER(5.0,0.0,null)	16	64	1000000	0	218313264	218	910	27855	27855	264	227	3221	3188	39596	43947	900000	750000	1200000	1000000	6553	6553	132830	7	0	0	0	1073056	999906	499666	499454	1000000	1000000	0.8356245487367595	0.8098529526358595	0.868115673324206	0.8005380020013231	-1982	3732	0	0	0	0	-3996	17260	0	0	0	0	-408	76	RTreeZ;RStarTreeLogic;size=1000000;nNodes=132830;dir_m/M=2/10;data_m/M=2/10 WINDOW_RESULTS=1000 KNN_REPEAT=20 UPD_DIST=1.0E-4
RSZ-P-0	CLUSTER(5.0,0.0,null)	20	64	1000000	0	257257960	257	1112	36547	36547	302	258	0	0	0	0	1050000	950000	1300000	1300000	0	0	130311	7	0	0	0	997849	1009712	0	0	0	0	1.0193194449577996	0.9989558212241327	1.0058635864478023	1.0520012034689248	-2050	7984	0	0	0	0	0	0	0	0	0	0	0	0	RTreeZ;RStarTreeLogic;size=1000000;nNodes=130311;dir_m/M=2/10;data_m/M=2/10 WINDOW_RESULTS=1000 KNN_REPEAT=20
RSZ-P-1	CLUSTER(5.0,0.0,null)	20	64	1000000	0	257343320	257	1098	37936	37936	346	299	0	0	0	0	1100000	1000000	1600000	1350000	0	0	130495	7	0	0	0	972254	954851	0	0	0	0	1.0418996431209273	1.0238292788757064	1.0822624454529102	1.0449203490991894	-2051	8286	0	0	0	0	0	0	0	0	0	0	0	0	RTreeZ;RStarTreeLogic;size=1000000;nNodes=130495;dir_m/M=2/10;data_m/M=2/10 WINDOW_RESULTS=1000 KNN_REPEAT=20
RSZ-P-2	CLUSTER(5.0,0.0,null)	20	64	1000000	0	257254232	257	1149	37741	37741	343	282	0	0	0	0	1200000	1050000	1800000	1450000	0	0	130303	7	0	0	0	981402	1027903	0	0	0	0	1.0366008298034095	1.0287775042194895	1.0662370159543912	1.0036289922506367	-2050	8280	0	0	0	0	0	0	0	0	0	0	0	0	RTreeZ;RStarTreeLogic;size=1000000;nNodes=130303;dir_m/M=2/10;data_m/M=2/10 WINDOW_RESULTS=1000 KNN_REPEAT=20
RSZ-R-0	CLUSTER(5.0,0.0,null)	24	64	1000000	0	501746192	501	1851	48907	48907	378	348	0	0	0	0	1400000	1400000	2050000	2050000	0	0	128913	7	0	0	0	1087282	1054842	0	0	0	0	1.1791645350064646	1.1770073558052334	1.216884581164217	1.257777617635867	-1668	47666	0	0	0	0	0	0	0	0	0	0	0	0	RTreeZ;RStarTreeLogic;size=1000000;nNodes=128913;dir_m/M=2/10;data_m/M=2/10 WINDOW_RESULTS=1000 KNN_REPEAT=20
RSZ-R-1	CLUSTER(5.0,0.0,null)	24	64	1000000	0	501605328	501	1863	48785	48785	453	390	0	0	0	0	1600000	1650000	2600000	2900000	0	0	128685	7	0	0	0	898731	891728	0	0	0	0	1.2642980745613528	1.2296097775657384	1.158616779091535	1.2369525571553486	-1853	42764	0	0	0	0	0	0	0	0	0	0	0	0	RTreeZ;RStarTreeLogic;size=1000000;nNodes=128685;dir_m/M=2/10;data_m/M=2/10 WINDOW_RESULTS=1000 KNN_REPEAT=20
RSZ-R-2	CLUSTER(5.0,0.0,null)	24	64	1000000	0	501618288	501	1819	48723	48723	423	388	0	0	0	0	1700000	1950000	2200000	2000000	0	0	128673	7	0	0	0	1002218	1042799	0	0	0	0	1.2154291037312877	1.2300828653669387	1.2229209516580835	1.26853412362965	-1667	47804	0	0	0	0	0	0	0	0	0	0	0	0	RTreeZ;RStarTreeLogic;size=1000000;nNodes=128673;dir_m/M=2/10;data_m/M=2/10 WINDOW_RESULTS=1000 KNN_REPEAT=20
RSZ-R-0	CLUSTER(5.0,0.0,null)	28	64	1000000	0	572543880	572	2121	60451	60451	517	423	0	0	0	0	2750000	2550000	2800000	2400000	0	0	127484	7	0	0	0	959302	1028503	0	0	0	0	1.421357057801165	1.4086822982222684	1.4166517966901349	1.3290894429878075	-1813	56718	0	0	0	0	0	0	0	0	0	0	0	0	RTreeZ;RStarTreeLogic;size=1000000;nNodes=127484;dir_m/M=2/10;data_m/M=2/10 WINDOW_RESULTS=1000 KNN_REPEAT=20
RSZ-R-1	CLUSTER(5.0,0.0,null)	28	64	1000000	0	572882376	572	2118	62040	62040	418	388	0	0	0	0	1850000	2300000	2550000	2500000	0	0	127500	7	0	0	0	1032251	1025561	0	0	0	0	1.3460624395026284	1.3951189515227918	1.397273760577295	1.3802768666507483	-1234	61264	0	0	0	0	0	0	0	0	0	0	0	0	RTreeZ;RStarTreeLogic;size=1000000;nNodes=127500;dir_m/M=2/10;data_m/M=2/10 WINDOW_RESULTS=1000 KNN_REPEAT=20
RSZ-R-2	CLUSTER(5.0,0.0,null)	28	64	1000000	0	572959360	572	2128	60339	60339	437	394	0	0	0	0	2000000	2250000	2750000	2650000	0	0	127630	7	0	0	0	1069000	1099747	0	0	0	0	1.3777438903845993	1.3906226679650993	1.3503773686791998	1.364859217950745	-1817	56320	0	0	0	0	0	0	0	0	0	0	0	0	RTreeZ;RStarTreeLogic;size=1000000;nNodes=127630;dir_m/M=2/10;data_m/M=2/10 WINDOW_RESULTS=1000 KNN_REPEAT=20
RSZ-P-0	CLUSTER(5.0,0.0,null)	30	64	1000000	0	355764696	355	1663	67999	67999	451	409	0	0	0	0	2300000	2100000	2650000	2650000	0	0	127161	7	0	0	0	965421	998061	0	0	0	0	1.4448754415735223	1.4196054559704527	1.4839785746992464	1.4179085634199542	-2479	33464	0	0	0	0	0	0	0	0	0	0	0	0	RTreeZ;RStarTreeLogic;size=1000000;nNodes=127161;dir_m/M=2/10;data_m/M=2/10 WINDOW_RESULTS=1000 KNN_REPEAT=20
RSZ-P-1	CLUSTER(5.0,0.0,null)	30	64	1000000	0	355695616	355	1670	65036	65036	444	410	0	0	0	0	2250000	2200000	3000000	2850000	0	0	127054	7	0	0	0	1055416	1067604	0	0	0	0	1.4852628665458918	1.4694359551259566	1.4650382563819642	1.4602385109156268	-2469	32590	0	0	0	0	0	0	0	0	0	0	0	0	RTreeZ;RStarTreeLogic;size=1000000;nNodes=127054;dir_m/M=2/10;data_m/M=2/10 WINDOW_RESULTS=1000 KNN_REPEAT=20
RSZ-P-2	CLUSTER(5.0,0.0,null)	30	64	1000000	0	355700552	355	1663	65474	65474	397	373	0	0	0	0	2350000	2400000	3050000	3000000	0	0	127060	7	0	0	0	1036031	1023368	0	0	0	0	1.4220892034399095	1.4681919865294701	1.4568754603058687	1.450360673590948	-2463	32668	0	0	0	0	0	0	0	0	0	0	0	0	RTreeZ;RStarTreeLogic;size=1000000;nNodes=127060;dir_m/M=2/10;data_m/M=2/10 WINDOW_RESULTS=1000 KNN_REPEAT=20
RSZ-P-0	CLUSTER(5.0,0.0,null)	40	64	1000000	0	454450536	454	2190	97785	97785	534	504	0	0	0	0	4850000	3550000	5050000	4000000	0	0	125238	7	0	0	0	981088	996447	0	0	0	0	1.7702295230434835	1.796893216243778	1.7965596083417985	1.828079393402006	-3196	39508	0	0	0	0	0	0	0	0	0	0	0	0	RTreeZ;RStarTreeLogic;size=1000000;nNodes=125238;dir_m/M=2/10;data_m/M=2/10 WINDOW_RESULTS=1000 KNN_REPEAT=20
RSZ-P-1	CLUSTER(5.0,0.0,null)	40	64	1000000	0	454362624	454	2187	100847	100847	548	547	0	0	0	0	5000000	3950000	5300000	4300000	0	0	125124	7	0	0	0	1054733	1011703	0	0	0	0	1.8193403265412447	1.8473810356047273	1.763267509107288	1.7766015292837065	-3221	39118	0	0	0	0	0	0	0	0	0	0	0	0	RTreeZ;RStarTreeLogic;size=1000000;nNodes=125124;dir_m/M=2/10;data_m/M=2/10 WINDOW_RESULTS=1000 KNN_REPEAT=20
RSZ-P-2	CLUSTER(5.0,0.0,null)	40	64	1000000	0	454396456	454	2230	98945	98945	512	486	0	0	0	0	4950000	3600000	5100000	4200000	0	0	125167	7	0	0	0	1043043	1084583	0	0	0	0	1.795049324899475	1.7853075031577958	1.7564785408440948	1.7855449768468656	-3203	39756	0	0	0	0	0	0	0	0	0	0	0	0	RTreeZ;RStarTreeLogic;size=1000000;nNodes=125167;dir_m/M=2/10;data_m/M=2/10 WINDOW_RESULTS=1000 KNN_REPEAT=20
