Index	data	dim	bits	N	calcMem	memory	memory/n	gen	load	load/n	q1/n	q2/n	pq1/n	pq2/n	up1/n	up2/n	1-NN1	1-NN2	10-NN1	10-NN2	unload	unload/n	nodes	postLen	AHC	NT	NTinternal	q1-n	q2-n	q1p-n	q2p-n	up1-n	up2-n	d1-1NN	d2-1NN	d1-kNN	d2-kNN	load-s	load-t	w-query-s	w-query-t	p-query-s	p-query-t	update-s	update-t	1-NN-s	1-NN-t	10-NN-s	10-NN-t	unload-s	unload-t	msg	
% Averages
% ========
STRZ-P-AVG-3/3	CUBE(1.0,0.0,null)	2	64	1000000	0	103883480	103	84	1110	1110	156	114	1215	1269	7053	6643	5533	5500	12100	12000	2886	2886	111111	6	0	0	0	999996	1000452	624460	541112	1000000	1000000	5.000900856077291E-4	4.996846394740325E-4	0.0012346094866408442	0.0012364810419738719	0	0	0	0	-214	45	-2092	2296	0	0	-300	2	0	0	RTreeZ;RStarTreeLogic;size=1000000;nNodes=111111;dir_m/M=2/10;data_m/M=2/10 WINDOW_RESULTS=1000 KNN_REPEAT=10000 UPD_DIST=1.0E-4
STRZ-P-AVG-3/3	CUBE(1.0,0.0,null)	3	64	1000000	0	122556848	122	106	1613	1613	159	120	2755	2843	14274	17716	16233	16033	36433	37466	8783	8783	111111	6	0	0	0	1000546	1001094	583057	541071	1000000	1000000	0.005549550437770283	0.005544053241235799	0.010311137994242721	0.010308335453926603	-12	349	0	0	-198	48	-2579	2835	0	0	-598	4	-270	42	RTreeZ;RStarTreeLogic;size=1000000;nNodes=111111;dir_m/M=2/10;data_m/M=2/10 WINDOW_RESULTS=1000 KNN_REPEAT=10000 UPD_DIST=1.0E-4
STRZ-P-AVG-3/3	CUBE(1.0,0.0,null)	4	64	1000000	0	139440325	139	125	1770	1770	462	428	10183	10631	29296	40740	82333	81000	202333	201333	21346	21346	111111	6	0	0	0	999759	999830	562362	537040	1000000	1000000	0.01935176107839474	0.019394396900910233	0.031091077342385132	0.03120137269448726	-23	189	0	0	40	10592	-2909	14944	0	0	-298	0	-282	24	RTreeZ;RStarTreeLogic;size=1000000;nNodes=111111;dir_m/M=2/10;data_m/M=2/10 WINDOW_RESULTS=1000 KNN_REPEAT=1000 UPD_DIST=1.0E-4
STRZ-P-AVG-3/3	CUBE(1.0,0.0,null)	5	64	1000000	0	158135816	158	136	1983	1983	1582	1572	24057	24514	46280	62389	260333	259333	612000	643000	32722	32722	111111	6	0	0	0	1000111	1000222	549572	533286	1000000	1000000	0.0423091960242166	0.04247474658536765	0.062079606924251664	0.062027953953907526	19	202	0	0	84	31546	-3559	10833	0	0	-169	8246	-280	39	RTreeZ;RStarTreeLogic;size=1000000;nNodes=111111;dir_m/M=2/10;data_m/M=2/10 WINDOW_RESULTS=1000 KNN_REPEAT=1000 UPD_DIST=1.0E-4
STRZ-P-AVG-3/3	CUBE(1.0,0.0,null)	6	64	1000000	0	175909274	175	160	3018	3018	3359	3342	38488	38901	68624	88588	548666	531333	1379666	1353000	48024	48024	111111	6	0	0	0	1001031	1000759	541046	529634	1000000	1000000	0.07295709007237479	0.07205745419518624	0.100402167046217	0.1004078615904375	13	156	0	0	83	52971	-3302	11074	0	0	-922	2	-286	35	RTreeZ;RStarTreeLogic;size=1000000;nNodes=111111;dir_m/M=2/10;data_m/M=2/10 WINDOW_RESULTS=1000 KNN_REPEAT=1000 UPD_DIST=1.0E-4
STRZ-P-AVG-3/3	CUBE(1.0,0.0,null)	8	64	1000000	0	211431640	211	193	3990	3990	6208	6335	30095	29657	81172	158749	922000	931000	2532333	2543000	92338	92338	111111	6	0	0	0	1001334	1001940	530931	524479	1000000	1000000	0.14716698432649616	0.14823056236491142	0.1896641876483723	0.19008366722867046	-149	238	0	10574	-31	9597	-3638	11068	0	0	-1123	6	-341	51	RTreeZ;RStarTreeLogic;size=1000000;nNodes=111111;dir_m/M=2/10;data_m/M=2/10 WINDOW_RESULTS=1000 KNN_REPEAT=1000 UPD_DIST=1.0E-4
STRZ-P-AVG-3/3	CUBE(1.0,0.0,null)	10	64	1000000	0	246968128	246	226	4865	4865	12669	12695	55129	53775	111863	195122	3183666	3176000	8013666	8100000	114274	114274	111111	6	0	0	0	1001279	1001084	524673	521258	1000000	1000000	0.23309098042084778	0.23377310561486467	0.2868428828220049	0.28708345807176977	21	6087	0	17572	2	10700	-4060	11176	0	0	-3097	12	-412	42	RTreeZ;RStarTreeLogic;size=1000000;nNodes=111111;dir_m/M=2/10;data_m/M=2/10 WINDOW_RESULTS=1000 KNN_REPEAT=1000 UPD_DIST=1.0E-4
STRZ-P-AVG-3/3	CUBE(1.0,0.0,null)	12	64	1000000	0	282543200	282	224	4808	4808	31011	31811	132848	132900	186023	255357	15563333	15071666	31608333	31321666	144256	144256	111111	6	0	0	0	1002350	1001650	521060	517711	1000000	1000000	0.32694712130972703	0.32383914525401236	0.3841106881018062	0.38415916560033697	206	6866	0	45846	0	10734	-4432	11184	0	0	-1545	2	-462	62	RTreeZ;RStarTreeLogic;size=1000000;nNodes=111111;dir_m/M=2/10;data_m/M=2/10 WINDOW_RESULTS=1000 KNN_REPEAT=200 UPD_DIST=1.0E-4
STRZ-P-AVG-3/3	CUBE(1.0,0.0,null)	16	64	1000000	0	353620192	353	324	8129	8129	47901	47333	43714	43439	192163	409154	15860000	16890000	38496666	38853333	259819	259819	111111	6	0	0	0	1001879	1002611	515289	513537	1000000	1000000	0.5044571953074051	0.5056462627223247	0.5767978973452794	0.5782334679029254	225	10829	0	0	25	10772	-4878	11344	0	0	-1310	4	-410	27	RTreeZ;RStarTreeLogic;size=1000000;nNodes=111111;dir_m/M=2/10;data_m/M=2/10 WINDOW_RESULTS=1000 KNN_REPEAT=200 UPD_DIST=1.0E-4
STRZ-P-AVG-3/3	CUBE(1.0,0.0,null)	20	64	1000000	0	424946602	424	403	9155	9155	76423	77345	0	0	0	0	53835000	55736666	109560000	109548333	0	0	111111	6	0	0	0	1001533	1002258	0	0	0	0	0.6783312452771523	0.6723055667481047	0.7599712289098576	0.7599409192161706	421	15107	0	0	0	0	0	0	0	0	-1580	4	0	0	RTreeZ;RStarTreeLogic;size=1000000;nNodes=111111;dir_m/M=2/10;data_m/M=2/10 WINDOW_RESULTS=1000 KNN_REPEAT=200
STRZ-R-AVG-3/3	CUBE(1.0,0.0,null)	24	64	1000000	0	492021576	492	956	10098	10098	88625	88769	0	0	0	0	115816666	117530000	186008333	182900000	0	0	111111	6	0	0	0	1000871	1001230	0	0	0	0	0.8350647708538972	0.8464943798465742	0.9287674270345195	0.932229298650148	42	13362	0	128308	0	0	0	0	0	32110	-2297	6	0	0	RTreeZ;RStarTreeLogic;size=1000000;nNodes=111111;dir_m/M=2/10;data_m/M=2/10 WINDOW_RESULTS=1000 KNN_REPEAT=200
STRZ-R-AVG-3/3	CUBE(1.0,0.0,null)	28	64	1000000	0	562399544	562	1113	11043	11043	119377	117129	0	0	0	0	213713333	218293333	281045000	272798333	0	0	111111	6	0	0	0	1001087	1000305	0	0	0	0	0.9971175734682173	0.9969182483888445	1.0898575404672828	1.090424500661017	119	12572	28	171660	0	0	0	0	0	53914	-2302	6	0	0	RTreeZ;RStarTreeLogic;size=1000000;nNodes=111111;dir_m/M=2/10;data_m/M=2/10 WINDOW_RESULTS=1000 KNN_REPEAT=200
STRZ-P-AVG-3/3	CUBE(1.0,0.0,null)	30	64	1000000	0	602340445	602	596	12765	12765	141310	138990	0	0	0	0	289893333	290703333	336388333	332705000	0	0	111111	6	0	0	0	1001011	1000618	0	0	0	0	1.0697177693627662	1.0704371682002578	1.1630050939725047	1.1627308247872732	702	20712	0	0	0	0	0	0	0	0	-2266	4	0	0	RTreeZ;RStarTreeLogic;size=1000000;nNodes=111111;dir_m/M=2/10;data_m/M=2/10 WINDOW_RESULTS=1000 KNN_REPEAT=200
STRZ-P-AVG-3/3	CUBE(1.0,0.0,null)	40	64	1000000	0	779275021	779	764	14877	14877	190478	188874	0	0	0	0	417481666	415390000	412990000	413873333	0	0	111111	6	0	0	0	998175	998796	0	0	0	0	1.4159159589480421	1.4200095095350278	1.5112864135390485	1.5113977294520193	945	22596	0	0	0	0	0	0	0	0	-2283	4	0	0	RTreeZ;RStarTreeLogic;size=1000000;nNodes=111111;dir_m/M=2/10;data_m/M=2/10 WINDOW_RESULTS=1000 KNN_REPEAT=200
% Measurements
% ============
STRZ-P-0	CUBE(1.0,0.0,null)	2	64	1000000	0	103883984	103	85	1124	1124	161	113	1210	1272	7075	6617	5500	5500	11400	11400	2897	2897	111111	6	0	0	0	1000356	999005	623724	540771	1000000	1000000	5.002145896085513E-4	4.997212822514728E-4	0.0012337468206937122	0.0012377087370578385	0	0	0	0	-214	46	-2354	2318	0	0	-300	2	0	0	RTreeZ;RStarTreeLogic;size=1000000;nNodes=111111;dir_m/M=2/10;data_m/M=2/10 WINDOW_RESULTS=1000 KNN_REPEAT=10000 UPD_DIST=1.0E-4
STRZ-P-1	CUBE(1.0,0.0,null)	2	64	1000000	0	103883064	103	79	1122	1122	165	116	1202	1256	6942	6621	5500	5500	12300	12300	2855	2855	111111	6	0	0	0	1001344	1001740	624644	541361	1000000	1000000	5.023826053741539E-4	4.970665531461334E-4	0.001234765041581389	0.0012359511843212593	0	0	0	0	-214	46	-1832	2168	0	0	-300	2	0	0	RTreeZ;RStarTreeLogic;size=1000000;nNodes=111111;dir_m/M=2/10;data_m/M=2/10 WINDOW_RESULTS=1000 KNN_REPEAT=10000 UPD_DIST=1.0E-4
STRZ-P-2	CUBE(1.0,0.0,null)	2	64	1000000	0	103883392	103	88	1084	1084	144	113	1234	1280	7143	6693	5600	5500	12600	12300	2906	2906	111111	6	0	0	0	998289	1000612	625014	541206	1000000	1000000	4.97673061840482E-4	5.022660830244911E-4	0.0012353165976474313	0.001235783204542518	0	0	0	0	-214	44	-2090	2404	0	0	-300	2	0	0	RTreeZ;RStarTreeLogic;size=1000000;nNodes=111111;dir_m/M=2/10;data_m/M=2/10 WINDOW_RESULTS=1000 KNN_REPEAT=10000 UPD_DIST=1.0E-4
STRZ-P-0	CUBE(1.0,0.0,null)	3	64	1000000	0	122557424	122	109	1616	1616	157	121	2784	2879	14289	16978	16300	16100	37100	37400	7996	7996	111111	6	0	0	0	999455	999477	583280	540103	1000000	1000000	0.005540494385698991	0.005522094710687428	0.01032014395051017	0.010320052554053182	-12	348	0	0	-198	50	-2488	2888	0	0	-598	4	-275	40	RTreeZ;RStarTreeLogic;size=1000000;nNodes=111111;dir_m/M=2/10;data_m/M=2/10 WINDOW_RESULTS=1000 KNN_REPEAT=10000 UPD_DIST=1.0E-4
STRZ-P-1	CUBE(1.0,0.0,null)	3	64	1000000	0	122555504	122	104	1599	1599	161	121	2754	2849	14549	19026	16200	16100	36500	37300	9735	9735	111111	6	0	0	0	1001150	1002958	582935	541949	1000000	1000000	0.005551490700883239	0.00554313718533145	0.010302345415432715	0.010323751122532447	-12	350	0	0	-198	48	-2750	2896	0	0	-598	2	-262	48	RTreeZ;RStarTreeLogic;size=1000000;nNodes=111111;dir_m/M=2/10;data_m/M=2/10 WINDOW_RESULTS=1000 KNN_REPEAT=10000 UPD_DIST=1.0E-4
STRZ-P-2	CUBE(1.0,0.0,null)	3	64	1000000	0	122557616	122	107	1624	1624	161	119	2727	2803	13985	17145	16200	15900	35700	37700	8618	8618	111111	6	0	0	0	1001034	1000848	582958	541161	1000000	1000000	0.005556666226728621	0.005566927827688519	0.01031092461678528	0.010281202685194179	-12	350	0	0	-198	48	-2499	2722	0	0	-598	2	-273	40	RTreeZ;RStarTreeLogic;size=1000000;nNodes=111111;dir_m/M=2/10;data_m/M=2/10 WINDOW_RESULTS=1000 KNN_REPEAT=10000 UPD_DIST=1.0E-4
STRZ-P-0	CUBE(1.0,0.0,null)	4	64	1000000	0	139440312	139	143	1839	1839	478	443	10891	11361	30106	43263	84000	83000	205000	200000	23445	23445	111111	6	0	0	0	998321	998343	562406	536987	1000000	1000000	0.019331775824364926	0.019345902870964805	0.03131275762534414	0.031195010927373267	-23	192	0	0	38	10658	-2903	16768	0	0	-298	0	-283	22	RTreeZ;RStarTreeLogic;size=1000000;nNodes=111111;dir_m/M=2/10;data_m/M=2/10 WINDOW_RESULTS=1000 KNN_REPEAT=1000 UPD_DIST=1.0E-4
STRZ-P-1	CUBE(1.0,0.0,null)	4	64	1000000	0	139440224	139	107	1736	1736	449	417	9668	10128	27896	35890	84000	83000	220000	219000	18051	18051	111111	6	0	0	0	999674	1000029	562412	537880	1000000	1000000	0.01913789051087057	0.01936998934813528	0.03092877131242392	0.03136356363509253	-23	188	0	0	44	10582	-2901	13528	0	0	-298	0	-281	24	RTreeZ;RStarTreeLogic;size=1000000;nNodes=111111;dir_m/M=2/10;data_m/M=2/10 WINDOW_RESULTS=1000 KNN_REPEAT=1000 UPD_DIST=1.0E-4
STRZ-P-2	CUBE(1.0,0.0,null)	4	64	1000000	0	139440440	139	125	1736	1736	461	426	9992	10404	29888	43068	79000	77000	182000	185000	22542	22542	111111	6	0	0	0	1001284	1001119	562270	536253	1000000	1000000	0.01958561689994873	0.01946729848363062	0.031031703089387346	0.031045543520995977	-23	188	0	0	38	10536	-2922	14536	0	0	-298	2	-281	26	RTreeZ;RStarTreeLogic;size=1000000;nNodes=111111;dir_m/M=2/10;data_m/M=2/10 WINDOW_RESULTS=1000 KNN_REPEAT=1000 UPD_DIST=1.0E-4
STRZ-P-0	CUBE(1.0,0.0,null)	5	64	1000000	0	158132736	158	139	1997	1997	1596	1601	24174	24647	47526	61566	263000	256000	594000	628000	33453	33453	111111	6	0	0	0	999195	998174	549777	533583	1000000	1000000	0.04237954554342827	0.04229781231646147	0.06211775624998286	0.06198887326901318	19	202	0	0	82	31498	-3742	10030	0	0	-169	8246	-280	40	RTreeZ;RStarTreeLogic;size=1000000;nNodes=111111;dir_m/M=2/10;data_m/M=2/10 WINDOW_RESULTS=1000 KNN_REPEAT=1000 UPD_DIST=1.0E-4
STRZ-P-1	CUBE(1.0,0.0,null)	5	64	1000000	0	158134600	158	135	1962	1962	1618	1588	24225	24646	47159	67155	265000	271000	621000	656000	34628	34628	111111	6	0	0	0	999889	1001629	549452	533899	1000000	1000000	0.042291722408729866	0.04264839782665	0.06223784805260372	0.06207839656227088	19	202	0	0	88	31644	-3481	11272	0	0	-175	8142	-279	40	RTreeZ;RStarTreeLogic;size=1000000;nNodes=111111;dir_m/M=2/10;data_m/M=2/10 WINDOW_RESULTS=1000 KNN_REPEAT=1000 UPD_DIST=1.0E-4
STRZ-P-2	CUBE(1.0,0.0,null)	5	64	1000000	0	158140112	158	136	1990	1990	1534	1528	23773	24251	44155	58446	253000	251000	621000	645000	30087	30087	111111	6	0	0	0	1001250	1000864	549487	532377	1000000	1000000	0.042256320120491686	0.04247802961299147	0.06188321647016842	0.06201659203043852	20	202	0	0	82	31498	-3455	11198	0	0	-169	7444	-281	38	RTreeZ;RStarTreeLogic;size=1000000;nNodes=111111;dir_m/M=2/10;data_m/M=2/10 WINDOW_RESULTS=1000 KNN_REPEAT=1000 UPD_DIST=1.0E-4
STRZ-P-0	CUBE(1.0,0.0,null)	6	64	1000000	0	175909344	175	153	2951	2951	3400	3351	38623	39139	69117	85612	543000	527000	1439000	1443000	45887	45887	111111	6	0	0	0	1000536	999072	540926	529203	1000000	1000000	0.07315604251827583	0.071391662097141	0.10013820175452712	0.09997448413734364	13	160	0	0	89	52784	-3216	11066	0	0	-922	2	-287	34	RTreeZ;RStarTreeLogic;size=1000000;nNodes=111111;dir_m/M=2/10;data_m/M=2/10 WINDOW_RESULTS=1000 KNN_REPEAT=1000 UPD_DIST=1.0E-4
STRZ-P-1	CUBE(1.0,0.0,null)	6	64	1000000	0	175909176	175	161	3022	3022	3372	3387	39222	39564	70375	88597	561000	541000	1379000	1331000	49454	49454	111111	6	0	0	0	1001717	1002594	540888	530016	1000000	1000000	0.07274791023483955	0.07264005513410464	0.10065768032095693	0.10067017062532453	13	154	0	0	59	53294	-3210	11060	0	0	-611	2	-284	36	RTreeZ;RStarTreeLogic;size=1000000;nNodes=111111;dir_m/M=2/10;data_m/M=2/10 WINDOW_RESULTS=1000 KNN_REPEAT=1000 UPD_DIST=1.0E-4
STRZ-P-2	CUBE(1.0,0.0,null)	6	64	1000000	0	175909304	175	166	3081	3081	3306	3289	37621	38000	66380	91557	542000	526000	1321000	1285000	48731	48731	111111	6	0	0	0	1000840	1000611	541324	529685	1000000	1000000	0.07296731746400897	0.07214064535431307	0.10041061906316695	0.10057893000864433	13	154	0	0	100	52836	-3479	11096	0	0	-922	4	-287	36	RTreeZ;RStarTreeLogic;size=1000000;nNodes=111111;dir_m/M=2/10;data_m/M=2/10 WINDOW_RESULTS=1000 KNN_REPEAT=1000 UPD_DIST=1.0E-4
STRZ-P-0	CUBE(1.0,0.0,null)	8	64	1000000	0	211431640	211	197	3992	3992	6138	6138	29583	29251	83988	162165	877000	916000	2456000	2440000	93401	93401	111111	6	0	0	0	999389	1000352	530679	523922	1000000	1000000	0.14828287333515772	0.14839604965165434	0.1895866618167305	0.18983798435636193	-149	242	0	10566	-76	7580	-3642	11068	0	0	-1123	6	-346	46	RTreeZ;RStarTreeLogic;size=1000000;nNodes=111111;dir_m/M=2/10;data_m/M=2/10 WINDOW_RESULTS=1000 KNN_REPEAT=1000 UPD_DIST=1.0E-4
STRZ-P-1	CUBE(1.0,0.0,null)	8	64	1000000	0	211431640	211	191	3920	3920	6389	6589	31222	30397	79078	155031	962000	988000	2564000	2562000	86607	86607	111111	6	0	0	0	1002201	1001326	531347	525267	1000000	1000000	0.1464246307158633	0.14835767353844526	0.19003896227109804	0.1899804493810591	-149	234	0	10578	52	10484	-3309	11018	0	0	-1123	6	-337	54	RTreeZ;RStarTreeLogic;size=1000000;nNodes=111111;dir_m/M=2/10;data_m/M=2/10 WINDOW_RESULTS=1000 KNN_REPEAT=1000 UPD_DIST=1.0E-4
STRZ-P-2	CUBE(1.0,0.0,null)	8	64	1000000	0	211431640	211	193	4058	4058	6098	6280	29480	29324	80451	159053	927000	889000	2577000	2627000	97008	97008	111111	6	0	0	0	1002413	1004144	530768	524250	1000000	1000000	0.14679344892846746	0.14793796390463468	0.18936693885728845	0.19043256794859037	-149	240	0	10578	-69	10728	-3962	11118	0	0	-1122	2	-342	54	RTreeZ;RStarTreeLogic;size=1000000;nNodes=111111;dir_m/M=2/10;data_m/M=2/10 WINDOW_RESULTS=1000 KNN_REPEAT=1000 UPD_DIST=1.0E-4
STRZ-P-0	CUBE(1.0,0.0,null)	10	64	1000000	0	246968008	246	241	4855	4855	12837	12754	53643	50945	109981	199945	3020000	3030000	8002000	7996000	123545	123545	111111	6	0	0	0	999487	999895	524765	522051	1000000	1000000	0.2334662678807591	0.23239800140685596	0.2866026310673312	0.287253143578006	83	9048	-1	10582	43	10756	-3969	11156	0	0	-3097	12	-392	66	RTreeZ;RStarTreeLogic;size=1000000;nNodes=111111;dir_m/M=2/10;data_m/M=2/10 WINDOW_RESULTS=1000 KNN_REPEAT=1000 UPD_DIST=1.0E-4
STRZ-P-1	CUBE(1.0,0.0,null)	10	64	1000000	0	246967184	246	205	4901	4901	12834	12478	56331	55652	111914	188333	3288000	3313000	8120000	8247000	107836	107836	111111	6	0	0	0	1002576	1001290	524759	520757	1000000	1000000	0.23328511882884037	0.2357488997287497	0.2863097418008319	0.2870897082496543	-102	244	0	21108	43	10744	-3894	11184	0	0	-3097	14	-409	46	RTreeZ;RStarTreeLogic;size=1000000;nNodes=111111;dir_m/M=2/10;data_m/M=2/10 WINDOW_RESULTS=1000 KNN_REPEAT=1000 UPD_DIST=1.0E-4
STRZ-P-2	CUBE(1.0,0.0,null)	10	64	1000000	0	246969192	246	232	4839	4839	12337	12853	55415	54729	113695	197088	3243000	3185000	7919000	8057000	111441	111441	111111	6	0	0	0	1001774	1002067	524497	520966	1000000	1000000	0.23252155455294385	0.23317241570898836	0.2876162755978516	0.286907522387649	83	8970	-1	21026	-79	10602	-4315	11190	0	0	-2654	10	-436	16	RTreeZ;RStarTreeLogic;size=1000000;nNodes=111111;dir_m/M=2/10;data_m/M=2/10 WINDOW_RESULTS=1000 KNN_REPEAT=1000 UPD_DIST=1.0E-4
STRZ-P-0	CUBE(1.0,0.0,null)	12	64	1000000	0	282542768	282	245	4699	4699	30835	31435	130135	133432	198004	278266	15680000	14785000	30875000	30725000	163956	163956	111111	6	0	0	0	1000124	999510	520413	517319	1000000	1000000	0.3248062643779424	0.32171996944083836	0.38857228796107035	0.383260418321845	157	5380	0	42294	-83	10828	-4096	11220	0	0	-1545	2	-458	70	RTreeZ;RStarTreeLogic;size=1000000;nNodes=111111;dir_m/M=2/10;data_m/M=2/10 WINDOW_RESULTS=1000 KNN_REPEAT=200 UPD_DIST=1.0E-4
STRZ-P-1	CUBE(1.0,0.0,null)	12	64	1000000	0	282542528	282	210	4747	4747	31379	32433	133648	129745	181150	251008	15065000	15570000	32115000	31925000	144050	144050	111111	6	0	0	0	1005692	1001725	521463	517759	1000000	1000000	0.3315699430389163	0.32322966710449036	0.3831335897198319	0.38350611333324613	157	5558	0	52974	40	10728	-4599	11152	0	0	-1543	4	-465	58	RTreeZ;RStarTreeLogic;size=1000000;nNodes=111111;dir_m/M=2/10;data_m/M=2/10 WINDOW_RESULTS=1000 KNN_REPEAT=200 UPD_DIST=1.0E-4
STRZ-P-2	CUBE(1.0,0.0,null)	12	64	1000000	0	282544304	282	219	4978	4978	30821	31567	134762	135523	178917	236797	15945000	14860000	31835000	31315000	124763	124763	111111	6	0	0	0	1001235	1003715	521306	518055	1000000	1000000	0.32446515651232244	0.3265677992167085	0.3806261866245164	0.38571096514591985	304	9662	0	42272	40	10646	-4602	11182	0	0	-1543	4	-464	60	RTreeZ;RStarTreeLogic;size=1000000;nNodes=111111;dir_m/M=2/10;data_m/M=2/10 WINDOW_RESULTS=1000 KNN_REPEAT=200 UPD_DIST=1.0E-4
STRZ-P-0	CUBE(1.0,0.0,null)	16	64	1000000	0	353619632	353	314	8124	8124	47288	45600	42543	42829	199245	403991	15240000	16240000	37630000	37860000	235073	235073	111111	6	0	0	0	1000250	1003204	515288	514109	1000000	1000000	0.5030446891987149	0.5021609723104605	0.575914544848065	0.5789339962174105	225	10824	0	0	25	10718	-5248	11450	0	0	-1310	4	0	0	RTreeZ;RStarTreeLogic;size=1000000;nNodes=111111;dir_m/M=2/10;data_m/M=2/10 WINDOW_RESULTS=1000 KNN_REPEAT=200 UPD_DIST=1.0E-4
STRZ-P-1	CUBE(1.0,0.0,null)	16	64	1000000	0	353621224	353	324	8174	8174	48912	49460	45623	44169	177270	438131	15925000	16795000	38450000	39245000	308451	308451	111111	6	0	0	0	1002885	1001379	515326	513309	1000000	1000000	0.5072933449569699	0.5119455318226789	0.5755167186477551	0.5785279384061879	225	10806	0	0	25	10888	-4697	11266	0	0	-1309	4	-620	36	RTreeZ;RStarTreeLogic;size=1000000;nNodes=111111;dir_m/M=2/10;data_m/M=2/10 WINDOW_RESULTS=1000 KNN_REPEAT=200 UPD_DIST=1.0E-4
STRZ-P-2	CUBE(1.0,0.0,null)	16	64	1000000	0	353619720	353	336	8089	8089	47503	46940	42977	43320	199975	385342	16415000	17635000	39410000	39455000	235933	235933	111111	6	0	0	0	1002503	1003252	515255	513195	1000000	1000000	0.5030335517665303	0.5028322840338345	0.578962428540018	0.5772384690851778	225	10858	0	0	25	10710	-4690	11316	0	0	-1302	4	-612	46	RTreeZ;RStarTreeLogic;size=1000000;nNodes=111111;dir_m/M=2/10;data_m/M=2/10 WINDOW_RESULTS=1000 KNN_REPEAT=200 UPD_DIST=1.0E-4
STRZ-P-0	CUBE(1.0,0.0,null)	20	64	1000000	0	424934304	424	401	9047	9047	78213	76901	0	0	0	0	53995000	56675000	112275000	111365000	0	0	111111	6	0	0	0	1002463	1004587	0	0	0	0	0.6782813556320636	0.6737915203909148	0.759135434788526	0.7574593104663279	422	15116	0	0	0	0	0	0	0	0	-1580	4	0	0	RTreeZ;RStarTreeLogic;size=1000000;nNodes=111111;dir_m/M=2/10;data_m/M=2/10 WINDOW_RESULTS=1000 KNN_REPEAT=200
STRZ-P-1	CUBE(1.0,0.0,null)	20	64	1000000	0	424952752	424	400	9117	9117	74465	78536	0	0	0	0	52735000	55010000	106540000	108230000	0	0	111111	6	0	0	0	1000832	1000045	0	0	0	0	0.6799505071414229	0.6730059324371848	0.7607677399194481	0.7598836563317858	421	15054	0	0	0	0	0	0	0	0	-1580	4	0	0	RTreeZ;RStarTreeLogic;size=1000000;nNodes=111111;dir_m/M=2/10;data_m/M=2/10 WINDOW_RESULTS=1000 KNN_REPEAT=200
STRZ-P-2	CUBE(1.0,0.0,null)	20	64	1000000	0	424952752	424	410	9302	9302	76592	76598	0	0	0	0	54775000	55525000	109865000	109050000	0	0	111111	6	0	0	0	1001306	1002144	0	0	0	0	0.6767618730579702	0.670119247416215	0.7600105120215987	0.7624797908503979	421	15152	0	0	0	0	0	0	0	0	-1580	4	0	0	RTreeZ;RStarTreeLogic;size=1000000;nNodes=111111;dir_m/M=2/10;data_m/M=2/10 WINDOW_RESULTS=1000 KNN_REPEAT=200
STRZ-R-0	CUBE(1.0,0.0,null)	24	64	1000000	0	492021576	492	966	10397	10397	88843	90806	0	0	0	0	121490000	117670000	191285000	185735000	0	0	111111	6	0	0	0	1001129	1001414	0	0	0	0	0.8369298036945413	0.8465382498019138	0.9196910204615705	0.9293151200980467	78	10994	0	128300	0	0	0	0	0	32110	-2297	6	0	0	RTreeZ;RStarTreeLogic;size=1000000;nNodes=111111;dir_m/M=2/10;data_m/M=2/10 WINDOW_RESULTS=1000 KNN_REPEAT=200
STRZ-R-1	CUBE(1.0,0.0,null)	24	64	1000000	0	492021576	492	961	9979	9979	88764	88314	0	0	0	0	116060000	118985000	183885000	177125000	0	0	111111	6	0	0	0	1001329	1003414	0	0	0	0	0.8395854266548856	0.8461306373195622	0.929628884471494	0.926330183780306	25	14592	0	128396	0	0	0	0	0	32114	-2297	6	0	0	RTreeZ;RStarTreeLogic;size=1000000;nNodes=111111;dir_m/M=2/10;data_m/M=2/10 WINDOW_RESULTS=1000 KNN_REPEAT=200
STRZ-R-2	CUBE(1.0,0.0,null)	24	64	1000000	0	492021576	492	941	9920	9920	88268	87188	0	0	0	0	109900000	115935000	182855000	185840000	0	0	111111	6	0	0	0	1000155	998863	0	0	0	0	0.8286790822122648	0.8468142524182466	0.9369823761704943	0.9410425920720913	24	14502	0	128228	0	0	0	0	0	32116	-2297	6	0	0	RTreeZ;RStarTreeLogic;size=1000000;nNodes=111111;dir_m/M=2/10;data_m/M=2/10 WINDOW_RESULTS=1000 KNN_REPEAT=200
STRZ-R-0	CUBE(1.0,0.0,null)	28	64	1000000	0	562399560	562	1125	11238	11238	118158	118994	0	0	0	0	219920000	219825000	283345000	272970000	0	0	111111	6	0	0	0	999121	999176	0	0	0	0	0.9995937687716249	0.9902369628072143	1.0862856693176002	1.0932653350004873	149	11232	36	181596	0	0	0	0	0	53914	-2302	6	0	0	RTreeZ;RStarTreeLogic;size=1000000;nNodes=111111;dir_m/M=2/10;data_m/M=2/10 WINDOW_RESULTS=1000 KNN_REPEAT=200
STRZ-R-1	CUBE(1.0,0.0,null)	28	64	1000000	0	562399512	562	1107	10734	10734	118961	113368	0	0	0	0	210935000	223610000	280955000	276580000	0	0	111111	6	0	0	0	1001540	999942	0	0	0	0	0.9913623518748345	0.9939838649941579	1.0865581856518207	1.094550456990919	59	15444	0	161284	0	0	0	0	0	64572	-2302	8	0	0	RTreeZ;RStarTreeLogic;size=1000000;nNodes=111111;dir_m/M=2/10;data_m/M=2/10 WINDOW_RESULTS=1000 KNN_REPEAT=200
STRZ-R-2	CUBE(1.0,0.0,null)	28	64	1000000	0	562399560	562	1108	11158	11158	121013	119026	0	0	0	0	210285000	211445000	278835000	268845000	0	0	111111	6	0	0	0	1002600	1001797	0	0	0	0	1.0003965997581927	1.006533917365161	1.0967287664324274	1.0834577099916447	149	11042	48	172100	0	0	0	0	0	53702	-2302	4	0	0	RTreeZ;RStarTreeLogic;size=1000000;nNodes=111111;dir_m/M=2/10;data_m/M=2/10 WINDOW_RESULTS=1000 KNN_REPEAT=200
STRZ-P-0	CUBE(1.0,0.0,null)	30	64	1000000	0	602340576	602	598	12599	12599	140739	142983	0	0	0	0	284005000	292240000	337030000	330320000	0	0	111111	6	0	0	0	1001597	1002341	0	0	0	0	1.0707398661707273	1.0756954061987907	1.1625219301383862	1.1599048975325812	703	20376	0	0	0	0	0	0	0	0	-2266	4	0	0	RTreeZ;RStarTreeLogic;size=1000000;nNodes=111111;dir_m/M=2/10;data_m/M=2/10 WINDOW_RESULTS=1000 KNN_REPEAT=200
STRZ-P-1	CUBE(1.0,0.0,null)	30	64	1000000	0	602340232	602	596	12530	12530	143826	141751	0	0	0	0	290055000	288920000	336330000	333005000	0	0	111111	6	0	0	0	1002368	1001508	0	0	0	0	1.0726338525968422	1.0634982851545354	1.1635820432083483	1.162713229862297	703	20210	0	0	0	0	0	0	0	0	-2271	4	0	0	RTreeZ;RStarTreeLogic;size=1000000;nNodes=111111;dir_m/M=2/10;data_m/M=2/10 WINDOW_RESULTS=1000 KNN_REPEAT=200
STRZ-P-2	CUBE(1.0,0.0,null)	30	64	1000000	0	602340528	602	594	13167	13167	139365	132237	0	0	0	0	295620000	290950000	335805000	334790000	0	0	111111	6	0	0	0	999068	998007	0	0	0	0	1.065779589320729	1.0721178132474471	1.1629113085707794	1.1655743469669417	700	21552	0	0	0	0	0	0	0	0	-2271	6	0	0	RTreeZ;RStarTreeLogic;size=1000000;nNodes=111111;dir_m/M=2/10;data_m/M=2/10 WINDOW_RESULTS=1000 KNN_REPEAT=200
STRZ-P-0	CUBE(1.0,0.0,null)	40	64	1000000	0	779274976	779	816	14967	14967	190624	187612	0	0	0	0	404935000	406355000	409460000	418355000	0	0	111111	6	0	0	0	1000859	1001900	0	0	0	0	1.4214636197157364	1.4210703304408512	1.507374388517538	1.5095464413947761	925	22552	0	0	0	0	0	0	0	0	-2283	4	0	0	RTreeZ;RStarTreeLogic;size=1000000;nNodes=111111;dir_m/M=2/10;data_m/M=2/10 WINDOW_RESULTS=1000 KNN_REPEAT=200
STRZ-P-1	CUBE(1.0,0.0,null)	40	64	1000000	0	779274976	779	740	15215	15215	189627	188755	0	0	0	0	424170000	418725000	413695000	413950000	0	0	111111	6	0	0	0	997274	998129	0	0	0	0	1.4129865016929446	1.4165098845881898	1.5139229856944714	1.509492127608376	897	22690	0	0	0	0	0	0	0	0	-2283	4	0	0	RTreeZ;RStarTreeLogic;size=1000000;nNodes=111111;dir_m/M=2/10;data_m/M=2/10 WINDOW_RESULTS=1000 KNN_REPEAT=200
STRZ-P-2	CUBE(1.0,0.0,null)	40	64	1000000	0	779275112	779	738	14451	14451	191185	190256	0	0	0	0	423340000	421090000	415815000	409315000	0	0	111111	6	0	0	0	996392	996361	0	0	0	0	1.4132977554354462	1.4224483135760428	1.5125618664051363	1.515154619352906	1014	22548	0	0	0	0	0	0	0	0	-2283	8	0	0	RTreeZ;RStarTreeLogic;size=1000000;nNodes=111111;dir_m/M=2/10;data_m/M=2/10 WINDOW_RESULTS=1000 KNN_REPEAT=200
