Index	data	dim	bits	N	calcMem	memory	memory/n	gen	load	load/n	q1/n	q2/n	pq1/n	pq2/n	up1/n	up2/n	1-NN1	1-NN2	10-NN1	10-NN2	unload	unload/n	nodes	postLen	AHC	NT	NTinternal	q1-n	q2-n	q1p-n	q2p-n	up1-n	up2-n	d1-1NN	d2-1NN	d1-kNN	d2-kNN	load-s	load-t	w-query-s	w-query-t	p-query-s	p-query-t	update-s	update-t	1-NN-s	1-NN-t	10-NN-s	10-NN-t	unload-s	unload-t	msg	
% Averages
% ========
XTS-P-AVG-3/3	CLUSTER(3.5,0.0,null)	2	64	1000000	0	80399416	80	87	8791	8791	78057	79568	789	799	0	0	116666	133333	216666	133333	0	0	96391	6	0	0	0	99950	99982	499099	499645	0	0	0.2500941868481489	0.2308039350059937	0.2687422087107225	0.2876459696245351	-5836	360	0	0	0	0	0	0	0	0	0	0	0	0	XTreeS;size=1000000;depth=6;nNodes=96347;nNodesData=87582;nNodesDir=8765;MIN_FANOUT=0.35;MAX_DATA=20;MAX_DIR=20;MAX_OVERLAP=0.2 WINDOW_RESULTS=1000 KNN_REPEAT=20
XTS-P-AVG-3/3	CLUSTER(3.5,0.0,null)	3	64	1000000	0	90070168	89	103	13100	13100	38954	40083	1327	1321	0	0	133333	66666	183333	200000	0	0	96350	6	0	0	0	100017	100005	499718	499393	0	0	0.40318189769530804	0.3637086066959983	0.40108976344013253	0.375815974287314	-7161	356	0	0	0	0	0	0	0	0	0	0	0	0	XTreeS;size=1000000;depth=6;nNodes=96259;nNodesData=86755;nNodesDir=9504;MIN_FANOUT=0.35;MAX_DATA=20;MAX_DIR=20;MAX_OVERLAP=0.2 WINDOW_RESULTS=1000 KNN_REPEAT=20
XTS-P-AVG-3/3	CLUSTER(3.5,0.0,null)	4	64	1000000	0	99365069	99	117	15037	15037	102391	102894	979	1033	0	0	1650000	1950000	4383333	4350000	0	0	95297	6	0	0	0	99959	99979	499857	499609	0	0	0.4652455951597439	0.5170112288238341	0.5069551871799796	0.4904172420718195	-8572	418	0	0	0	0	0	0	0	0	-270	0	0	0	XTreeS;size=1000000;depth=6;nNodes=95463;nNodesData=86754;nNodesDir=8709;MIN_FANOUT=0.35;MAX_DATA=20;MAX_DIR=20;MAX_OVERLAP=0.2 WINDOW_RESULTS=1000 KNN_REPEAT=20
XTS-P-AVG-3/3	CLUSTER(3.5,0.0,null)	5	64	1000000	0	108274538	108	133	20464	20464	38235	38987	1462	1459	0	0	716666	683333	1366666	1166666	0	0	95269	6	0	0	0	99993	100004	499530	500050	0	0	0.5535928143194769	0.5870367667820043	0.5500875604641383	0.5805740540086272	-9890	416	0	0	0	0	0	0	0	0	0	0	0	0	XTreeS;size=1000000;depth=6;nNodes=95131;nNodesData=85795;nNodesDir=9336;MIN_FANOUT=0.35;MAX_DATA=20;MAX_DIR=20;MAX_OVERLAP=0.2 WINDOW_RESULTS=1000 KNN_REPEAT=20
XTS-P-AVG-3/3	CLUSTER(3.5,0.0,null)	6	64	1000000	0	117492581	117	157	22997	22997	100280	102642	1169	1166	0	0	5100000	4383333	8600000	10650000	0	0	94406	6	0	0	0	100010	99954	499367	499934	0	0	0.6427653500628138	0.6558880765217935	0.6246694405645762	0.6296156933349629	-10922	474	0	0	0	0	0	0	0	0	0	0	0	0	XTreeS;size=1000000;depth=6;nNodes=94493;nNodesData=85973;nNodesDir=8520;MIN_FANOUT=0.35;MAX_DATA=20;MAX_DIR=20;MAX_OVERLAP=0.2 WINDOW_RESULTS=1000 KNN_REPEAT=20
XTS-P-AVG-3/3	CLUSTER(3.5,0.0,null)	8	64	1000000	0	136961805	136	201	31742	31742	68360	68940	1149	1151	0	0	9000000	9000000	9800000	9333333	0	0	93580	6	0	0	0	99994	100005	499679	500204	0	0	0.7670403734328977	0.7788030451275115	0.7439432283145891	0.7187716616641523	-13198	2125	0	0	0	0	0	0	0	0	0	0	0	0	XTreeS;size=1000000;depth=6;nNodes=93447;nNodesData=85114;nNodesDir=8333;MIN_FANOUT=0.35;MAX_DATA=20;MAX_DIR=20;MAX_OVERLAP=0.2 WINDOW_RESULTS=1000 KNN_REPEAT=20
XTS-P-AVG-3/3	CLUSTER(3.5,0.0,null)	10	64	1000000	0	155646696	155	217	41861	41861	205444	209485	1283	1295	0	0	30750000	30233333	33500000	32000000	0	0	92602	6	0	0	0	100048	100018	499592	500742	0	0	0.8770058693693961	0.8663990727792014	0.8282254874018511	0.8344029702704782	-18057	2223	0	0	0	0	0	0	0	0	-346	0	0	0	XTreeS;size=1000000;depth=6;nNodes=92588;nNodesData=84411;nNodesDir=8177;MIN_FANOUT=0.35;MAX_DATA=20;MAX_DIR=20;MAX_OVERLAP=0.2 WINDOW_RESULTS=1000 KNN_REPEAT=20
XTS-P-AVG-3/3	CLUSTER(3.5,0.0,null)	15	64	1000000	0	203083882	203	315	67584	67584	86060	87918	2154	2157	0	0	16666666	18650000	16533333	17516666	0	0	92748	6	0	0	0	99970	99992	499933	500519	0	0	1.0838145542780828	1.06096574531554	1.0875360411464268	1.0661812818707717	-25391	1684	0	0	0	0	0	0	0	0	0	0	0	0	XTreeS;size=1000000;depth=6;nNodes=92940;nNodesData=83760;nNodesDir=9180;MIN_FANOUT=0.35;MAX_DATA=20;MAX_DIR=20;MAX_OVERLAP=0.2 WINDOW_RESULTS=1000 KNN_REPEAT=20
% Measurements
% ============
XTS-P-0	CLUSTER(3.5,0.0,null)	2	64	1000000	0	80415456	80	102	8680	8680	70505	71181	795	800	0	0	150000	250000	300000	200000	0	0	96471	6	0	0	0	99978	99970	498602	499311	0	0	0.2515648649449351	0.22100456296796894	0.28874060446105176	0.2855016565946957	-5836	366	0	0	0	0	0	0	0	0	0	0	0	0	XTreeS;size=1000000;depth=6;nNodes=96471;nNodesData=87693;nNodesDir=8778;MIN_FANOUT=0.35;MAX_DATA=20;MAX_DIR=20;MAX_OVERLAP=0.2 WINDOW_RESULTS=1000 KNN_REPEAT=20
XTS-P-1	CLUSTER(3.5,0.0,null)	2	64	1000000	0	80392376	80	79	8942	8942	85082	87354	795	810	0	0	100000	100000	250000	100000	0	0	96356	6	0	0	0	99868	99880	499115	499909	0	0	0.2822485569036641	0.23122810081532047	0.28932326543393916	0.2921686463779797	-5837	360	0	0	0	0	0	0	0	0	0	0	0	0	XTreeS;size=1000000;depth=6;nNodes=96356;nNodesData=87571;nNodesDir=8785;MIN_FANOUT=0.35;MAX_DATA=20;MAX_DIR=20;MAX_OVERLAP=0.2 WINDOW_RESULTS=1000 KNN_REPEAT=20
XTS-P-2	CLUSTER(3.5,0.0,null)	2	64	1000000	0	80390416	80	80	8751	8751	78586	80171	779	789	0	0	100000	50000	100000	100000	0	0	96347	6	0	0	0	100004	100098	499581	499717	0	0	0.2164691386958474	0.24017914123469164	0.2281627562371767	0.2852676059009301	-5835	356	0	0	0	0	0	0	0	0	0	0	0	0	XTreeS;size=1000000;depth=6;nNodes=96347;nNodesData=87582;nNodesDir=8765;MIN_FANOUT=0.35;MAX_DATA=20;MAX_DIR=20;MAX_OVERLAP=0.2 WINDOW_RESULTS=1000 KNN_REPEAT=20
XTS-P-0	CLUSTER(3.5,0.0,null)	3	64	1000000	0	90028496	90	100	13172	13172	44188	45246	1434	1425	0	0	200000	100000	200000	250000	0	0	96419	6	0	0	0	100048	99986	499939	498463	0	0	0.40140973665638924	0.31828839259945857	0.4022064478103887	0.34332715122599755	-7257	360	0	0	0	0	0	0	0	0	0	0	0	0	XTreeS;size=1000000;depth=6;nNodes=96419;nNodesData=86938;nNodesDir=9481;MIN_FANOUT=0.35;MAX_DATA=20;MAX_DIR=20;MAX_OVERLAP=0.2 WINDOW_RESULTS=1000 KNN_REPEAT=20
XTS-P-1	CLUSTER(3.5,0.0,null)	3	64	1000000	0	89934648	89	112	12642	12642	20581	21596	1177	1169	0	0	50000	50000	100000	100000	0	0	96374	6	0	0	0	99994	99972	499851	500135	0	0	0.4176588200842447	0.3837603513636557	0.4063603056255077	0.4191780537561353	-6682	338	0	0	0	0	0	0	0	0	0	0	0	0	XTreeS;size=1000000;depth=6;nNodes=96374;nNodesData=86935;nNodesDir=9439;MIN_FANOUT=0.35;MAX_DATA=20;MAX_DIR=20;MAX_OVERLAP=0.2 WINDOW_RESULTS=1000 KNN_REPEAT=20
XTS-P-2	CLUSTER(3.5,0.0,null)	3	64	1000000	0	90247360	90	98	13486	13486	52094	53408	1371	1371	0	0	150000	50000	250000	250000	0	0	96259	6	0	0	0	100010	100059	499364	499583	0	0	0.3904771363452902	0.38907707612488074	0.39470253688450113	0.36494271787980914	-7545	370	0	0	0	0	0	0	0	0	0	0	0	0	XTreeS;size=1000000;depth=6;nNodes=96259;nNodesData=86755;nNodesDir=9504;MIN_FANOUT=0.35;MAX_DATA=20;MAX_DIR=20;MAX_OVERLAP=0.2 WINDOW_RESULTS=1000 KNN_REPEAT=20
XTS-P-0	CLUSTER(3.5,0.0,null)	4	64	1000000	0	99291624	99	116	15441	15441	134275	135826	976	968	0	0	2300000	2650000	5350000	5900000	0	0	95352	6	0	0	0	99959	100017	499776	499530	0	0	0.4499379705290127	0.5194515774097278	0.49052820587788765	0.4707777479136685	-8957	434	0	0	0	0	0	0	0	0	-270	0	0	0	XTreeS;size=1000000;depth=6;nNodes=95352;nNodesData=86707;nNodesDir=8645;MIN_FANOUT=0.35;MAX_DATA=20;MAX_DIR=20;MAX_OVERLAP=0.2 WINDOW_RESULTS=1000 KNN_REPEAT=20
XTS-P-1	CLUSTER(3.5,0.0,null)	4	64	1000000	0	99226720	99	127	15056	15056	117894	119700	1077	1165	0	0	1750000	1950000	4750000	4850000	0	0	95076	6	0	0	0	99911	99916	500032	500431	0	0	0.46950144448798714	0.5512119885571638	0.5490666889922401	0.5431970578028158	-8953	440	0	0	0	0	0	0	0	0	-270	0	0	0	XTreeS;size=1000000;depth=6;nNodes=95076;nNodesData=86518;nNodesDir=8558;MIN_FANOUT=0.35;MAX_DATA=20;MAX_DIR=20;MAX_OVERLAP=0.2 WINDOW_RESULTS=1000 KNN_REPEAT=20
XTS-P-2	CLUSTER(3.5,0.0,null)	4	64	1000000	0	99576864	99	108	14615	14615	55005	53156	885	966	0	0	900000	1250000	3050000	2300000	0	0	95463	6	0	0	0	100008	100006	499763	498866	0	0	0.47629737046223186	0.48037012050461037	0.4812706666698111	0.45727692049897417	-7805	380	0	0	0	0	0	0	0	0	0	0	0	0	XTreeS;size=1000000;depth=6;nNodes=95463;nNodesData=86754;nNodesDir=8709;MIN_FANOUT=0.35;MAX_DATA=20;MAX_DIR=20;MAX_OVERLAP=0.2 WINDOW_RESULTS=1000 KNN_REPEAT=20
XTS-P-0	CLUSTER(3.5,0.0,null)	5	64	1000000	0	108292720	108	144	20882	20882	41595	42121	1299	1303	0	0	650000	1000000	1400000	900000	0	0	95483	6	0	0	0	100010	99996	499693	500317	0	0	0.5317845635874556	0.5805380724662575	0.5318784853790899	0.5719278540230628	-10081	426	0	0	0	0	0	0	0	0	0	0	0	0	XTreeS;size=1000000;depth=6;nNodes=95483;nNodesData=86048;nNodesDir=9435;MIN_FANOUT=0.35;MAX_DATA=20;MAX_DIR=20;MAX_OVERLAP=0.2 WINDOW_RESULTS=1000 KNN_REPEAT=20
XTS-P-1	CLUSTER(3.5,0.0,null)	5	64	1000000	0	108219376	108	163	20284	20284	29109	30038	1432	1445	0	0	450000	500000	950000	900000	0	0	95195	6	0	0	0	100069	100005	499587	500534	0	0	0.5691422035727525	0.6238762321696247	0.6223690015179754	0.5845247458378088	-9513	394	0	0	0	0	0	0	0	0	0	0	0	0	XTreeS;size=1000000;depth=6;nNodes=95195;nNodesData=85852;nNodesDir=9343;MIN_FANOUT=0.35;MAX_DATA=20;MAX_DIR=20;MAX_OVERLAP=0.2 WINDOW_RESULTS=1000 KNN_REPEAT=20
XTS-P-2	CLUSTER(3.5,0.0,null)	5	64	1000000	0	108311520	108	94	20226	20226	44003	44804	1655	1629	0	0	1050000	550000	1750000	1700000	0	0	95131	6	0	0	0	99901	100013	499310	499299	0	0	0.5598516757982229	0.556695995710131	0.4960151944953499	0.5852695621650098	-10076	428	0	0	0	0	0	0	0	0	0	0	0	0	XTreeS;size=1000000;depth=6;nNodes=95131;nNodesData=85795;nNodesDir=9336;MIN_FANOUT=0.35;MAX_DATA=20;MAX_DIR=20;MAX_OVERLAP=0.2 WINDOW_RESULTS=1000 KNN_REPEAT=20
XTS-P-0	CLUSTER(3.5,0.0,null)	6	64	1000000	0	117469104	117	159	23474	23474	148899	151324	1141	1141	0	0	8150000	5600000	15100000	16400000	0	0	94318	6	0	0	0	100014	99931	499015	499629	0	0	0.6345645694252363	0.6460441033235942	0.638744470620342	0.6143122288698588	-11785	524	0	0	0	0	0	0	0	0	0	0	0	0	XTreeS;size=1000000;depth=6;nNodes=94318;nNodesData=85804;nNodesDir=8514;MIN_FANOUT=0.35;MAX_DATA=20;MAX_DIR=20;MAX_OVERLAP=0.2 WINDOW_RESULTS=1000 KNN_REPEAT=20
XTS-P-1	CLUSTER(3.5,0.0,null)	6	64	1000000	0	117493048	117	160	21893	21893	26020	26586	1167	1152	0	0	1350000	1400000	2400000	2400000	0	0	94409	6	0	0	0	100036	99976	499253	500338	0	0	0.6630501093528931	0.699765074690523	0.6762065710765969	0.6150313888749126	-9491	398	0	0	0	0	0	0	-276	2	0	0	0	0	XTreeS;size=1000000;depth=6;nNodes=94409;nNodesData=85963;nNodesDir=8446;MIN_FANOUT=0.35;MAX_DATA=20;MAX_DIR=20;MAX_OVERLAP=0.2 WINDOW_RESULTS=1000 KNN_REPEAT=20
XTS-P-2	CLUSTER(3.5,0.0,null)	6	64	1000000	0	117515592	117	152	23624	23624	125923	130018	1199	1207	0	0	5800000	6150000	8300000	13150000	0	0	94493	6	0	0	0	99981	99955	499833	499837	0	0	0.630681371410312	0.6218550515512633	0.5590572799967896	0.6595034622601175	-11490	500	0	0	0	0	0	0	0	0	0	0	0	0	XTreeS;size=1000000;depth=6;nNodes=94493;nNodesData=85973;nNodesDir=8520;MIN_FANOUT=0.35;MAX_DATA=20;MAX_DIR=20;MAX_OVERLAP=0.2 WINDOW_RESULTS=1000 KNN_REPEAT=20
XTS-P-0	CLUSTER(3.5,0.0,null)	8	64	1000000	0	137052544	137	211	31838	31838	75937	76019	1161	1160	0	0	9750000	10300000	10450000	9750000	0	0	93516	6	0	0	0	99951	99961	499427	499737	0	0	0.753065886637021	0.7419019291251535	0.7301781577165471	0.6966879225828033	-13282	2650	0	0	0	0	0	0	0	0	0	0	0	0	XTreeS;size=1000000;depth=6;nNodes=93516;nNodesData=85191;nNodesDir=8325;MIN_FANOUT=0.35;MAX_DATA=20;MAX_DIR=20;MAX_OVERLAP=0.2 WINDOW_RESULTS=1000 KNN_REPEAT=20
XTS-P-1	CLUSTER(3.5,0.0,null)	8	64	1000000	0	136965632	136	185	31565	31565	41701	42931	1106	1110	0	0	5950000	4900000	6200000	6200000	0	0	93777	6	0	0	0	100092	100044	500009	500955	0	0	0.8054930273550728	0.845059117684376	0.7560791398618534	0.7397831204235492	-12716	1226	0	0	0	0	0	0	0	0	0	0	0	0	XTreeS;size=1000000;depth=6;nNodes=93777;nNodesData=85333;nNodesDir=8444;MIN_FANOUT=0.35;MAX_DATA=20;MAX_DIR=20;MAX_OVERLAP=0.2 WINDOW_RESULTS=1000 KNN_REPEAT=20
XTS-P-2	CLUSTER(3.5,0.0,null)	8	64	1000000	0	136867240	136	208	31825	31825	87442	87870	1181	1184	0	0	11300000	11800000	12750000	12050000	0	0	93447	6	0	0	0	99940	100011	499603	499920	0	0	0.7425622063065991	0.7494480885730052	0.7455723873653668	0.7198439419861046	-13596	2500	0	0	0	0	0	0	0	0	0	0	0	0	XTreeS;size=1000000;depth=6;nNodes=93447;nNodesData=85114;nNodesDir=8333;MIN_FANOUT=0.35;MAX_DATA=20;MAX_DIR=20;MAX_OVERLAP=0.2 WINDOW_RESULTS=1000 KNN_REPEAT=20
XTS-P-0	CLUSTER(3.5,0.0,null)	10	64	1000000	0	155637872	155	221	42158	42158	203263	203529	1447	1457	0	0	28650000	29600000	33750000	31550000	0	0	92599	6	0	0	0	100013	100079	499772	501500	0	0	0.8526851213755974	0.8440981376690834	0.8169567113276699	0.7956920993944979	-18152	2676	0	0	0	0	0	0	0	0	-346	0	0	0	XTreeS;size=1000000;depth=6;nNodes=92599;nNodesData=84429;nNodesDir=8170;MIN_FANOUT=0.35;MAX_DATA=20;MAX_DIR=20;MAX_OVERLAP=0.2 WINDOW_RESULTS=1000 KNN_REPEAT=20
XTS-P-1	CLUSTER(3.5,0.0,null)	10	64	1000000	0	155644808	155	238	41264	41264	134510	141025	1269	1279	0	0	18800000	21200000	25750000	24550000	0	0	92619	6	0	0	0	100215	100003	499552	500279	0	0	0.9158536582523157	0.9191015376433883	0.8458385565414286	0.8532181155043294	-17289	1420	0	0	0	0	0	0	0	0	0	0	0	0	XTreeS;size=1000000;depth=6;nNodes=92619;nNodesData=84402;nNodesDir=8217;MIN_FANOUT=0.35;MAX_DATA=20;MAX_DIR=20;MAX_OVERLAP=0.2 WINDOW_RESULTS=1000 KNN_REPEAT=20
XTS-P-2	CLUSTER(3.5,0.0,null)	10	64	1000000	0	155657408	155	192	42161	42161	278561	283903	1134	1150	0	0	44800000	39900000	41000000	39900000	0	0	92588	6	0	0	0	99917	99974	499453	500448	0	0	0.8624788284802751	0.8359975430251326	0.821881194336455	0.8542986959126073	-18729	2574	0	0	0	0	0	0	0	0	0	0	0	0	XTreeS;size=1000000;depth=6;nNodes=92588;nNodesData=84411;nNodesDir=8177;MIN_FANOUT=0.35;MAX_DATA=20;MAX_DIR=20;MAX_OVERLAP=0.2 WINDOW_RESULTS=1000 KNN_REPEAT=20
XTS-P-0	CLUSTER(3.5,0.0,null)	15	64	1000000	0	203025504	203	323	67098	67098	79586	80724	2097	2088	0	0	16750000	16550000	17000000	14650000	0	0	92626	6	0	0	0	99954	99982	500834	500258	0	0	1.0548246814747109	1.0466450100286802	1.0481274501787061	1.0370968520119583	-24911	1668	0	0	0	0	0	0	0	0	0	0	0	0	XTreeS;size=1000000;depth=6;nNodes=92626;nNodesData=83620;nNodesDir=9006;MIN_FANOUT=0.35;MAX_DATA=20;MAX_DIR=20;MAX_OVERLAP=0.2 WINDOW_RESULTS=1000 KNN_REPEAT=20
XTS-P-1	CLUSTER(3.5,0.0,null)	15	64	1000000	0	203059224	203	307	67306	67306	75613	77418	2471	2488	0	0	13750000	16300000	14800000	18450000	0	0	92680	6	0	0	0	100035	100054	499622	501122	0	0	1.1609996987312226	1.0684817532392543	1.1140437369614689	1.0895426760784184	-24914	1680	0	0	0	0	0	0	0	0	0	0	0	0	XTreeS;size=1000000;depth=6;nNodes=92680;nNodesData=83658;nNodesDir=9022;MIN_FANOUT=0.35;MAX_DATA=20;MAX_DIR=20;MAX_OVERLAP=0.2 WINDOW_RESULTS=1000 KNN_REPEAT=20
XTS-P-2	CLUSTER(3.5,0.0,null)	15	64	1000000	0	203166920	203	316	68350	68350	102981	105613	1894	1897	0	0	19500000	23100000	17800000	19450000	0	0	92940	6	0	0	0	99921	99940	499345	500178	0	0	1.035619282628315	1.067770472678686	1.1004369362991049	1.0719043175219385	-26347	1704	0	0	0	0	0	0	0	0	0	0	0	0	XTreeS;size=1000000;depth=6;nNodes=92940;nNodesData=83760;nNodesDir=9180;MIN_FANOUT=0.35;MAX_DATA=20;MAX_DIR=20;MAX_OVERLAP=0.2 WINDOW_RESULTS=1000 KNN_REPEAT=20
