Index	data	dim	bits	N	calcMem	memory	memory/n	gen	load	load/n	q1/n	q2/n	pq1/n	pq2/n	up1/n	up2/n	1-NN1	1-NN2	10-NN1	10-NN2	unload	unload/n	nodes	postLen	AHC	NT	NTinternal	q1-n	q2-n	q1p-n	q2p-n	up1-n	up2-n	d1-1NN	d2-1NN	d1-kNN	d2-kNN	load-s	load-t	w-query-s	w-query-t	p-query-s	p-query-t	update-s	update-t	1-NN-s	1-NN-t	10-NN-s	10-NN-t	unload-s	unload-t	msg	
% Averages
% ========
XTS-P-AVG-3/3	CUBE(1.0,0.0,null)	2	64	1000000	0	79117426	79	69	5352	5352	329	311	1726	1802	0	0	21566	21533	41866	42166	0	0	90038	6	0	0	0	999996	1000452	624460	541112	0	0	5.021630071369817E-4	5.016809047587318E-4	0.0012346094866408442	0.0012364810419738719	-2395	306	0	0	0	0	0	0	0	0	-300	0	0	0	XTreeS;size=1000000;depth=6;nNodes=89942;nNodesData=82673;nNodesDir=7269;MIN_FANOUT=0.35;MAX_DATA=20;MAX_DIR=20;MAX_OVERLAP=0.2 WINDOW_RESULTS=1000 KNN_REPEAT=10000
XTS-P-AVG-3/3	CUBE(1.0,0.0,null)	3	64	1000000	0	87558152	87	97	8590	8590	403	385	2763	2813	0	0	29566	30533	53166	53600	0	0	89973	6	0	0	0	1000546	1001094	583057	541071	0	0	0.005549550437770283	0.005544073857310564	0.010311137994242721	0.010308335453926603	-2956	328	0	0	0	0	0	0	0	0	-292	2	0	0	XTreeS;size=1000000;depth=6;nNodes=89952;nNodesData=82810;nNodesDir=7142;MIN_FANOUT=0.35;MAX_DATA=20;MAX_DIR=20;MAX_OVERLAP=0.2 WINDOW_RESULTS=1000 KNN_REPEAT=10000
XTS-P-AVG-3/3	CUBE(1.0,0.0,null)	4	64	1000000	0	97838688	97	110	12213	12213	1685	1669	3914	3960	0	0	169666	175000	331000	328000	0	0	90035	6	0	0	0	999759	999830	562362	537040	0	0	0.01935176107839474	0.019394396900910233	0.031091077342385132	0.03120137269448726	-3238	310	0	0	0	0	0	0	0	0	0	0	0	0	XTreeS;size=1000000;depth=6;nNodes=90136;nNodesData=82904;nNodesDir=7232;MIN_FANOUT=0.35;MAX_DATA=20;MAX_DIR=20;MAX_OVERLAP=0.2 WINDOW_RESULTS=1000 KNN_REPEAT=1000
XTS-P-AVG-3/3	CUBE(1.0,0.0,null)	5	64	1000000	0	107388536	107	120	16630	16630	2017	1996	6333	6457	0	0	196000	204666	336333	345000	0	0	89880	6	0	0	0	1000111	1000222	549572	533286	0	0	0.0423091960242166	0.04247474658536765	0.062079606924251664	0.062027953953907526	-4068	364	0	0	7	6930	0	0	0	0	-297	4	0	0	XTreeS;size=1000000;depth=6;nNodes=89904;nNodesData=82731;nNodesDir=7173;MIN_FANOUT=0.35;MAX_DATA=20;MAX_DIR=20;MAX_OVERLAP=0.2 WINDOW_RESULTS=1000 KNN_REPEAT=1000
XTS-P-AVG-3/3	CUBE(1.0,0.0,null)	6	64	1000000	0	116915357	116	148	21396	21396	4447	4547	6504	6688	0	0	463000	458333	927000	932333	0	0	89873	6	0	0	0	1001031	1000759	541046	529634	0	0	0.07295709007237479	0.07205745419518624	0.100402167046217	0.1004078615904375	-4626	376	0	0	45	10391	0	0	0	0	-307	0	0	0	XTreeS;size=1000000;depth=6;nNodes=89903;nNodesData=82747;nNodesDir=7156;MIN_FANOUT=0.35;MAX_DATA=20;MAX_DIR=20;MAX_OVERLAP=0.2 WINDOW_RESULTS=1000 KNN_REPEAT=1000
XTS-P-AVG-3/3	CUBE(1.0,0.0,null)	8	64	1000000	0	135836405	135	186	31667	31667	10217	10324	15656	15694	0	0	1759666	1784666	3131000	3152333	0	0	89754	6	0	0	0	1001334	1001940	530931	524479	0	0	0.14716698432649616	0.14823056236491142	0.1896641876483723	0.19008366722867046	-6163	1844	0	0	0	0	0	0	-594	0	-573	4	0	0	XTreeS;size=1000000;depth=6;nNodes=89887;nNodesData=82693;nNodesDir=7194;MIN_FANOUT=0.35;MAX_DATA=20;MAX_DIR=20;MAX_OVERLAP=0.2 WINDOW_RESULTS=1000 KNN_REPEAT=1000
XTS-P-AVG-3/3	CUBE(1.0,0.0,null)	10	64	1000000	0	154608592	154	209	42196	42196	17244	17431	16287	16227	0	0	3905333	3866000	6789333	6654333	0	0	89489	6	0	0	0	1001279	1001084	524673	521258	0	0	0.23309098042084778	0.23377310561486467	0.2868428828220049	0.28708345807176977	-7842	1971	0	0	0	0	0	0	-645	4	-957	4	0	0	XTreeS;size=1000000;depth=6;nNodes=89422;nNodesData=82308;nNodesDir=7114;MIN_FANOUT=0.35;MAX_DATA=20;MAX_DIR=20;MAX_OVERLAP=0.2 WINDOW_RESULTS=1000 KNN_REPEAT=1000
XTS-P-AVG-3/3	CUBE(1.0,0.0,null)	12	64	1000000	0	173468850	173	254	52695	52695	24829	25608	20592	20824	0	0	8176666	7858333	13758333	13298333	0	0	89374	6	0	0	0	1002350	1001650	521060	517711	0	0	0.32694712130972703	0.32383914525401236	0.3841106881018062	0.38415916560033697	-9427	2061	0	0	0	0	0	0	-378	2	-370	0	0	0	XTreeS;size=1000000;depth=6;nNodes=89479;nNodesData=82363;nNodesDir=7116;MIN_FANOUT=0.35;MAX_DATA=20;MAX_DIR=20;MAX_OVERLAP=0.2 WINDOW_RESULTS=1000 KNN_REPEAT=200
XTS-P-AVG-3/3	CUBE(1.0,0.0,null)	16	64	1000000	0	210704234	210	333	77236	77236	48905	48575	39283	39293	0	0	36733333	37543333	52541666	52728333	0	0	88398	6	0	0	0	1001879	1002611	515289	513537	0	0	0.5044571953074051	0.5056462627223247	0.5767978973452794	0.5782334679029254	-12890	2292	0	0	0	0	0	0	-925	2	-1373	4	0	0	XTreeS;size=1000000;depth=6;nNodes=88558;nNodesData=81557;nNodesDir=7001;MIN_FANOUT=0.35;MAX_DATA=20;MAX_DIR=20;MAX_OVERLAP=0.2 WINDOW_RESULTS=1000 KNN_REPEAT=200
XTS-P-AVG-3/3	CUBE(1.0,0.0,null)	20	64	1000000	0	246795560	246	386	104284	104284	78181	79368	125032	124107	0	0	104635000	104591666	125310000	125366666	0	0	85172	6	0	0	0	1001533	1002258	512355	511126	0	0	0.6783312452771523	0.6723055667481047	0.7599712289098576	0.7599409192161706	-15616	4719	0	0	0	0	0	0	-1108	2	-1099	2	0	0	XTreeS;size=1000000;depth=6;nNodes=87026;nNodesData=80173;nNodesDir=6853;MIN_FANOUT=0.35;MAX_DATA=20;MAX_DIR=20;MAX_OVERLAP=0.2 WINDOW_RESULTS=1000 KNN_REPEAT=200
XTS-P-AVG-3/3	CUBE(1.0,0.0,null)	24	64	1000000	0	283676202	283	473	129276	129276	98142	98046	84964	84757	0	0	157131666	158916666	164988333	165025000	0	0	84184	6	0	0	0	1000072	1000473	510553	510019	0	0	0.8432118104615163	0.8429102530762891	0.9288249737068256	0.929747235438442	-19006	7027	0	0	0	0	0	0	-1293	4	-1279	4	0	0	XTreeS;size=1000000;depth=6;nNodes=84685;nNodesData=77984;nNodesDir=6701;MIN_FANOUT=0.35;MAX_DATA=20;MAX_DIR=20;MAX_OVERLAP=0.2 WINDOW_RESULTS=1000 KNN_REPEAT=200
XTS-P-AVG-3/3	CUBE(1.0,0.0,null)	28	64	1000000	0	320064405	319	535	157247	157247	115021	113613	110701	115100	0	0	200220000	200881666	191756666	191788333	0	0	82845	6	0	0	0	1000879	1000218	508875	508428	0	0	0.9966077433183455	0.9957020811681908	1.0890072476987083	1.0881482374150666	-22253	11832	0	0	0	0	0	0	-1478	4	-1464	4	0	0	XTreeS;size=1000000;depth=6;nNodes=81825;nNodesData=75351;nNodesDir=6474;MIN_FANOUT=0.35;MAX_DATA=20;MAX_DIR=20;MAX_OVERLAP=0.2 WINDOW_RESULTS=1000 KNN_REPEAT=200
XTS-P-AVG-3/3	CUBE(1.0,0.0,null)	30	64	1000000	0	339179341	338	583	174598	174598	120549	119463	60236	57704	0	0	207785000	208961666	196028333	196241666	0	0	83944	6	0	0	0	1001011	1000618	508342	507224	0	0	1.0697177693627662	1.0704371682002578	1.1630050939725047	1.1627308247872732	-24200	12383	0	0	0	0	0	0	-1575	6	-1560	4	0	0	XTreeS;size=1000000;depth=6;nNodes=82118;nNodesData=75637;nNodesDir=6481;MIN_FANOUT=0.35;MAX_DATA=20;MAX_DIR=20;MAX_OVERLAP=0.2 WINDOW_RESULTS=1000 KNN_REPEAT=200
XTS-P-AVG-3/3	CUBE(1.0,0.0,null)	40	64	1000000	0	426335368	426	787	257847	257847	156489	156843	178382	180252	0	0	243763333	246303333	215620000	217513333	0	0	77459	6	0	0	0	998175	998796	506801	505980	0	0	1.4159159589480421	1.4200095095350278	1.5112864135390485	1.5113977294520193	-32540	4565	0	0	0	0	0	0	-2087	4	-2010	4	0	0	XTreeS;size=1000000;depth=6;nNodes=77497;nNodesData=71369;nNodesDir=6128;MIN_FANOUT=0.35;MAX_DATA=20;MAX_DIR=20;MAX_OVERLAP=0.2 WINDOW_RESULTS=1000 KNN_REPEAT=200
% Measurements
% ============
XTS-P-0	CUBE(1.0,0.0,null)	2	64	1000000	0	79128608	79	84	5306	5306	294	270	1838	1933	0	0	20100	20600	37400	37300	0	0	90079	6	0	0	0	1000356	999005	623724	540771	0	0	5.008542284191131E-4	5.00829171274768E-4	0.0012337468206937122	0.0012377087370578385	-2396	314	0	0	0	0	0	0	0	0	-300	0	0	0	XTreeS;size=1000000;depth=6;nNodes=90079;nNodesData=82806;nNodesDir=7273;MIN_FANOUT=0.35;MAX_DATA=20;MAX_DIR=20;MAX_OVERLAP=0.2 WINDOW_RESULTS=1000 KNN_REPEAT=10000
XTS-P-1	CUBE(1.0,0.0,null)	2	64	1000000	0	79122760	79	63	5450	5450	364	359	1760	1858	0	0	24500	24000	48000	49700	0	0	90094	6	0	0	0	1001344	1001740	624644	541361	0	0	5.069562443215819E-4	4.995777812402872E-4	0.001234765041581389	0.0012359511843212593	-2397	302	0	0	0	0	0	0	0	0	0	0	0	0	XTreeS;size=1000000;depth=6;nNodes=90094;nNodesData=82777;nNodesDir=7317;MIN_FANOUT=0.35;MAX_DATA=20;MAX_DIR=20;MAX_OVERLAP=0.2 WINDOW_RESULTS=1000 KNN_REPEAT=10000
XTS-P-2	CUBE(1.0,0.0,null)	2	64	1000000	0	79100912	79	60	5302	5302	331	305	1582	1615	0	0	20100	20000	40200	39500	0	0	89942	6	0	0	0	998289	1000612	625014	541206	0	0	4.986785486702501E-4	5.0463576176114E-4	0.0012353165976474313	0.001235783204542518	-2391	302	0	0	0	0	0	0	0	0	-294	2	0	0	XTreeS;size=1000000;depth=6;nNodes=89942;nNodesData=82673;nNodesDir=7269;MIN_FANOUT=0.35;MAX_DATA=20;MAX_DIR=20;MAX_OVERLAP=0.2 WINDOW_RESULTS=1000 KNN_REPEAT=10000
XTS-P-0	CUBE(1.0,0.0,null)	3	64	1000000	0	87567168	87	93	8607	8607	409	395	3074	3114	0	0	32600	32000	57100	58700	0	0	90017	6	0	0	0	999455	999477	583280	540103	0	0	0.005540494385698991	0.005522094710687428	0.01032014395051017	0.010320052554053182	-2956	330	0	0	0	0	0	0	0	0	-292	2	0	0	XTreeS;size=1000000;depth=6;nNodes=90017;nNodesData=82839;nNodesDir=7178;MIN_FANOUT=0.35;MAX_DATA=20;MAX_DIR=20;MAX_OVERLAP=0.2 WINDOW_RESULTS=1000 KNN_REPEAT=10000
XTS-P-1	CUBE(1.0,0.0,null)	3	64	1000000	0	87554448	87	78	8539	8539	414	396	2544	2651	0	0	28900	29100	53700	53200	0	0	89952	6	0	0	0	1001150	1002958	582935	541949	0	0	0.005551490700883239	0.005543815834387139	0.010302345415432715	0.010323751122532447	-2956	324	0	0	0	0	0	0	0	0	-292	0	0	0	XTreeS;size=1000000;depth=6;nNodes=89952;nNodesData=82758;nNodesDir=7194;MIN_FANOUT=0.35;MAX_DATA=20;MAX_DIR=20;MAX_OVERLAP=0.2 WINDOW_RESULTS=1000 KNN_REPEAT=10000
XTS-P-2	CUBE(1.0,0.0,null)	3	64	1000000	0	87552840	87	121	8624	8624	388	366	2672	2674	0	0	27200	30500	48700	48900	0	0	89952	6	0	0	0	1001034	1000848	582958	541161	0	0	0.005556666226728621	0.005566311026857125	0.01031092461678528	0.010281202685194179	-2955	330	0	0	0	0	0	0	0	0	-292	2	0	0	XTreeS;size=1000000;depth=6;nNodes=89952;nNodesData=82810;nNodesDir=7142;MIN_FANOUT=0.35;MAX_DATA=20;MAX_DIR=20;MAX_OVERLAP=0.2 WINDOW_RESULTS=1000 KNN_REPEAT=10000
XTS-P-0	CUBE(1.0,0.0,null)	4	64	1000000	0	97806360	97	137	12170	12170	1631	1527	3492	3515	0	0	156000	155000	295000	298000	0	0	89895	6	0	0	0	998321	998343	562406	536987	0	0	0.019331775824364926	0.019345902870964805	0.03131275762534414	0.031195010927373267	-3237	316	0	0	0	0	0	0	0	0	0	0	0	0	XTreeS;size=1000000;depth=6;nNodes=89895;nNodesData=82642;nNodesDir=7253;MIN_FANOUT=0.35;MAX_DATA=20;MAX_DIR=20;MAX_OVERLAP=0.2 WINDOW_RESULTS=1000 KNN_REPEAT=1000
XTS-P-1	CUBE(1.0,0.0,null)	4	64	1000000	0	97847840	97	71	12201	12201	1676	1694	3551	3595	0	0	164000	173000	336000	327000	0	0	90075	6	0	0	0	999674	1000029	562412	537880	0	0	0.01913789051087057	0.01936998934813528	0.03092877131242392	0.03136356363509253	-3238	306	0	0	0	0	0	0	0	0	0	0	0	0	XTreeS;size=1000000;depth=6;nNodes=90075;nNodesData=82863;nNodesDir=7212;MIN_FANOUT=0.35;MAX_DATA=20;MAX_DIR=20;MAX_OVERLAP=0.2 WINDOW_RESULTS=1000 KNN_REPEAT=1000
XTS-P-2	CUBE(1.0,0.0,null)	4	64	1000000	0	97861864	97	122	12268	12268	1749	1787	4701	4772	0	0	189000	197000	362000	359000	0	0	90136	6	0	0	0	1001284	1001119	562270	536253	0	0	0.01958561689994873	0.01946729848363062	0.031031703089387346	0.031045543520995977	-3239	310	0	0	0	0	0	0	0	0	-311	2	0	0	XTreeS;size=1000000;depth=6;nNodes=90136;nNodesData=82904;nNodesDir=7232;MIN_FANOUT=0.35;MAX_DATA=20;MAX_DIR=20;MAX_OVERLAP=0.2 WINDOW_RESULTS=1000 KNN_REPEAT=1000
XTS-P-0	CUBE(1.0,0.0,null)	5	64	1000000	0	107354672	107	107	16643	16643	1882	1905	5372	5541	0	0	167000	162000	293000	310000	0	0	89744	6	0	0	0	999195	998174	549777	533583	0	0	0.04237954554342827	0.04229781231646147	0.06211775624998286	0.06198887326901318	-4067	366	0	0	11	10452	0	0	0	0	-297	4	0	0	XTreeS;size=1000000;depth=6;nNodes=89744;nNodesData=82604;nNodesDir=7140;MIN_FANOUT=0.35;MAX_DATA=20;MAX_DIR=20;MAX_OVERLAP=0.2 WINDOW_RESULTS=1000 KNN_REPEAT=1000
XTS-P-1	CUBE(1.0,0.0,null)	5	64	1000000	0	107416336	107	108	17051	17051	2151	2061	8660	8699	0	0	237000	278000	403000	405000	0	0	89992	6	0	0	0	999889	1001629	549452	533899	0	0	0.042291722408729866	0.04264839782665	0.06223784805260372	0.06207839656227088	-4070	356	0	0	11	10338	0	0	0	0	0	0	0	0	XTreeS;size=1000000;depth=6;nNodes=89992;nNodesData=82844;nNodesDir=7148;MIN_FANOUT=0.35;MAX_DATA=20;MAX_DIR=20;MAX_OVERLAP=0.2 WINDOW_RESULTS=1000 KNN_REPEAT=1000
XTS-P-2	CUBE(1.0,0.0,null)	5	64	1000000	0	107394600	107	145	16196	16196	2019	2022	4968	5132	0	0	184000	174000	313000	320000	0	0	89904	6	0	0	0	1001250	1000864	549487	532377	0	0	0.042256320120491686	0.04247802961299147	0.06188321647016842	0.06201659203043852	-4067	370	0	0	0	0	0	0	0	0	-294	2	0	0	XTreeS;size=1000000;depth=6;nNodes=89904;nNodesData=82731;nNodesDir=7173;MIN_FANOUT=0.35;MAX_DATA=20;MAX_DIR=20;MAX_OVERLAP=0.2 WINDOW_RESULTS=1000 KNN_REPEAT=1000
XTS-P-0	CUBE(1.0,0.0,null)	6	64	1000000	0	116893024	116	149	21214	21214	4462	4578	7162	7378	0	0	482000	465000	918000	957000	0	0	89790	6	0	0	0	1000536	999072	540926	529203	0	0	0.07315604251827583	0.071391662097141	0.10013820175452712	0.09997448413734364	-4626	382	0	0	45	10424	0	0	0	0	-307	0	0	0	XTreeS;size=1000000;depth=6;nNodes=89790;nNodesData=82666;nNodesDir=7124;MIN_FANOUT=0.35;MAX_DATA=20;MAX_DIR=20;MAX_OVERLAP=0.2 WINDOW_RESULTS=1000 KNN_REPEAT=1000
XTS-P-1	CUBE(1.0,0.0,null)	6	64	1000000	0	116929424	116	157	21587	21587	4394	4551	6204	6361	0	0	447000	455000	947000	929000	0	0	89927	6	0	0	0	1001717	1002594	540888	530016	0	0	0.07274791023483955	0.07264005513410464	0.10065768032095693	0.10067017062532453	-4626	376	0	0	45	10360	0	0	0	0	-307	2	0	0	XTreeS;size=1000000;depth=6;nNodes=89927;nNodesData=82774;nNodesDir=7153;MIN_FANOUT=0.35;MAX_DATA=20;MAX_DIR=20;MAX_OVERLAP=0.2 WINDOW_RESULTS=1000 KNN_REPEAT=1000
XTS-P-2	CUBE(1.0,0.0,null)	6	64	1000000	0	116923624	116	139	21388	21388	4487	4513	6146	6327	0	0	460000	455000	916000	911000	0	0	89903	6	0	0	0	1000840	1000611	541324	529685	0	0	0.07296731746400897	0.07214064535431307	0.10041061906316695	0.10057893000864433	-4626	370	0	0	45	10390	0	0	0	0	-307	2	0	0	XTreeS;size=1000000;depth=6;nNodes=89903;nNodesData=82747;nNodesDir=7156;MIN_FANOUT=0.35;MAX_DATA=20;MAX_DIR=20;MAX_OVERLAP=0.2 WINDOW_RESULTS=1000 KNN_REPEAT=1000
XTS-P-0	CUBE(1.0,0.0,null)	8	64	1000000	0	135814024	135	198	31414	31414	10565	10604	21250	21358	0	0	2068000	2102000	3456000	3428000	0	0	89642	6	0	0	0	999389	1000352	530679	523922	0	0	0.14828287333515772	0.14839604965165434	0.1895866618167305	0.18983798435636193	-6162	1820	0	0	0	0	0	0	-594	0	-573	4	0	0	XTreeS;size=1000000;depth=6;nNodes=89642;nNodesData=82510;nNodesDir=7132;MIN_FANOUT=0.35;MAX_DATA=20;MAX_DIR=20;MAX_OVERLAP=0.2 WINDOW_RESULTS=1000 KNN_REPEAT=1000
XTS-P-1	CUBE(1.0,0.0,null)	8	64	1000000	0	135837992	135	186	31677	31677	9697	9870	10237	10194	0	0	1423000	1471000	2766000	2787000	0	0	89734	6	0	0	0	1002201	1001326	531347	525267	0	0	0.1464246307158633	0.14835767353844526	0.19003896227109804	0.1899804493810591	-6165	1868	0	0	0	0	0	0	-303	0	-573	0	0	0	XTreeS;size=1000000;depth=6;nNodes=89734;nNodesData=82611;nNodesDir=7123;MIN_FANOUT=0.35;MAX_DATA=20;MAX_DIR=20;MAX_OVERLAP=0.2 WINDOW_RESULTS=1000 KNN_REPEAT=1000
XTS-P-2	CUBE(1.0,0.0,null)	8	64	1000000	0	135857200	135	176	31910	31910	10390	10500	15483	15531	0	0	1788000	1781000	3171000	3242000	0	0	89887	6	0	0	0	1002413	1004144	530768	524250	0	0	0.14679344892846746	0.14793796390463468	0.18936693885728845	0.19043256794859037	-6162	1846	0	0	0	0	0	0	-305	2	-859	0	0	0	XTreeS;size=1000000;depth=6;nNodes=89887;nNodesData=82693;nNodesDir=7194;MIN_FANOUT=0.35;MAX_DATA=20;MAX_DIR=20;MAX_OVERLAP=0.2 WINDOW_RESULTS=1000 KNN_REPEAT=1000
XTS-P-0	CUBE(1.0,0.0,null)	10	64	1000000	0	154606608	154	185	42727	42727	18032	18034	15788	15783	0	0	3474000	3504000	6260000	6048000	0	0	89474	6	0	0	0	999487	999895	524765	522051	0	0	0.2334662678807591	0.23239800140685596	0.2866026310673312	0.287253143578006	-7845	1990	0	0	0	0	0	0	-645	4	-957	4	0	0	XTreeS;size=1000000;depth=6;nNodes=89474;nNodesData=82359;nNodesDir=7115;MIN_FANOUT=0.35;MAX_DATA=20;MAX_DIR=20;MAX_OVERLAP=0.2 WINDOW_RESULTS=1000 KNN_REPEAT=1000
XTS-P-1	CUBE(1.0,0.0,null)	10	64	1000000	0	154633696	154	225	42697	42697	16180	16483	10020	10006	0	0	2954000	3007000	5431000	5299000	0	0	89571	6	0	0	0	1002576	1001290	524759	520757	0	0	0.23328511882884037	0.2357488997287497	0.2863097418008319	0.2870897082496543	-7847	1992	0	0	0	0	0	0	-665	2	-957	2	0	0	XTreeS;size=1000000;depth=6;nNodes=89571;nNodesData=82408;nNodesDir=7163;MIN_FANOUT=0.35;MAX_DATA=20;MAX_DIR=20;MAX_OVERLAP=0.2 WINDOW_RESULTS=1000 KNN_REPEAT=1000
XTS-P-2	CUBE(1.0,0.0,null)	10	64	1000000	0	154585472	154	218	41165	41165	17520	17777	23053	22894	0	0	5288000	5087000	8677000	8616000	0	0	89422	6	0	0	0	1001774	1002067	524497	520966	0	0	0.23252155455294385	0.23317241570898836	0.2876162755978516	0.286907522387649	-7835	1932	0	0	0	0	0	0	-959	4	-1595	6	0	0	XTreeS;size=1000000;depth=6;nNodes=89422;nNodesData=82308;nNodesDir=7114;MIN_FANOUT=0.35;MAX_DATA=20;MAX_DIR=20;MAX_OVERLAP=0.2 WINDOW_RESULTS=1000 KNN_REPEAT=1000
XTS-P-0	CUBE(1.0,0.0,null)	12	64	1000000	0	173499376	173	258	51937	51937	23536	24784	14718	15110	0	0	7075000	6830000	12230000	11970000	0	0	89457	6	0	0	0	1000124	999510	520413	517319	0	0	0.3248062643779424	0.32171996944083836	0.38857228796107035	0.383260418321845	-9237	2032	0	0	0	0	0	0	-378	2	-370	0	0	0	XTreeS;size=1000000;depth=6;nNodes=89457;nNodesData=82391;nNodesDir=7066;MIN_FANOUT=0.35;MAX_DATA=20;MAX_DIR=20;MAX_OVERLAP=0.2 WINDOW_RESULTS=1000 KNN_REPEAT=200
XTS-P-1	CUBE(1.0,0.0,null)	12	64	1000000	0	173400664	173	267	53187	53187	25101	25699	19513	19596	0	0	8000000	7820000	14115000	13500000	0	0	89186	6	0	0	0	1005692	1001725	521463	517759	0	0	0.3315699430389163	0.32322966710449036	0.3831335897198319	0.38350611333324613	-9521	2100	0	0	0	0	0	0	0	0	-370	0	0	0	XTreeS;size=1000000;depth=6;nNodes=89186;nNodesData=82116;nNodesDir=7070;MIN_FANOUT=0.35;MAX_DATA=20;MAX_DIR=20;MAX_OVERLAP=0.2 WINDOW_RESULTS=1000 KNN_REPEAT=200
XTS-P-2	CUBE(1.0,0.0,null)	12	64	1000000	0	173506512	173	237	52963	52963	25852	26343	27545	27766	0	0	9455000	8925000	14930000	14425000	0	0	89479	6	0	0	0	1001235	1003715	521306	518055	0	0	0.32446515651232244	0.3265677992167085	0.3806261866245164	0.38571096514591985	-9524	2052	0	0	0	0	0	0	0	0	-367	2	0	0	XTreeS;size=1000000;depth=6;nNodes=89479;nNodesData=82363;nNodesDir=7116;MIN_FANOUT=0.35;MAX_DATA=20;MAX_DIR=20;MAX_OVERLAP=0.2 WINDOW_RESULTS=1000 KNN_REPEAT=200
XTS-P-0	CUBE(1.0,0.0,null)	16	64	1000000	0	210592096	210	330	78584	78584	50420	48440	65478	65079	0	0	43100000	43110000	58970000	60945000	0	0	88138	6	0	0	0	1000250	1003204	515288	514109	0	0	0.5030446891987149	0.5021609723104605	0.575914544848065	0.5789339962174105	-12893	2296	0	0	0	0	0	0	-925	2	-1373	4	0	0	XTreeS;size=1000000;depth=6;nNodes=88138;nNodesData=81139;nNodesDir=6999;MIN_FANOUT=0.35;MAX_DATA=20;MAX_DIR=20;MAX_OVERLAP=0.2 WINDOW_RESULTS=1000 KNN_REPEAT=200
XTS-P-1	CUBE(1.0,0.0,null)	16	64	1000000	0	210747176	210	357	76335	76335	47557	48562	25664	25863	0	0	32450000	34475000	49095000	48920000	0	0	88500	6	0	0	0	1002885	1001379	515326	513309	0	0	0.5072933449569699	0.5119455318226789	0.5755167186477551	0.5785279384061879	-12892	2260	0	0	0	0	0	0	-946	2	-916	4	0	0	XTreeS;size=1000000;depth=6;nNodes=88500;nNodesData=81484;nNodesDir=7016;MIN_FANOUT=0.35;MAX_DATA=20;MAX_DIR=20;MAX_OVERLAP=0.2 WINDOW_RESULTS=1000 KNN_REPEAT=200
XTS-P-2	CUBE(1.0,0.0,null)	16	64	1000000	0	210773432	210	313	76790	76790	48738	48725	26708	26938	0	0	34650000	35045000	49560000	48320000	1	1	88558	6	0	0	0	1002503	1003252	515255	513195	0	0	0.5030335517665303	0.5028322840338345	0.578962428540018	0.5772384690851778	-12883	2322	0	0	0	0	0	0	-949	0	-916	2	0	0	XTreeS;size=1000000;depth=6;nNodes=88558;nNodesData=81557;nNodesDir=7001;MIN_FANOUT=0.35;MAX_DATA=20;MAX_DIR=20;MAX_OVERLAP=0.2 WINDOW_RESULTS=1000 KNN_REPEAT=200
XTS-P-0	CUBE(1.0,0.0,null)	20	64	1000000	0	247265816	247	368	102019	102019	69272	69144	43333	44841	0	0	93705000	91260000	114460000	114685000	0	0	86129	6	0	0	0	1002463	1004587	512608	510597	0	0	0.6782813556320636	0.6737915203909148	0.759135434788526	0.7574593104663279	-15812	4554	0	0	0	0	0	0	-1108	2	-1099	2	0	0	XTreeS;size=1000000;depth=6;nNodes=86129;nNodesData=79330;nNodesDir=6799;MIN_FANOUT=0.35;MAX_DATA=20;MAX_DIR=20;MAX_OVERLAP=0.2 WINDOW_RESULTS=1000 KNN_REPEAT=200
XTS-P-1	CUBE(1.0,0.0,null)	20	64	1000000	0	245425728	245	409	107649	107649	92893	97593	293003	289954	0	0	136695000	137470000	149880000	150785000	0	0	82362	6	0	0	0	1000832	1000045	512474	511025	0	0	0.6799505071414229	0.6730059324371848	0.7607677399194481	0.7598836563317858	-15240	4834	0	0	0	0	0	0	-1097	0	-1641	6	0	0	XTreeS;size=1000000;depth=6;nNodes=82362;nNodesData=75924;nNodesDir=6438;MIN_FANOUT=0.35;MAX_DATA=20;MAX_DIR=20;MAX_OVERLAP=0.2 WINDOW_RESULTS=1000 KNN_REPEAT=200
XTS-P-2	CUBE(1.0,0.0,null)	20	64	1000000	0	247695136	247	383	103184	103184	72379	71367	38761	37528	0	0	83505000	85045000	111590000	110630000	0	0	87026	6	0	0	0	1001306	1002144	511984	511758	0	0	0.6767618730579702	0.670119247416215	0.7600105120215987	0.7624797908503979	-15796	4770	0	0	0	0	0	0	-1110	2	-1100	4	0	0	XTreeS;size=1000000;depth=6;nNodes=87026;nNodesData=80173;nNodesDir=6853;MIN_FANOUT=0.35;MAX_DATA=20;MAX_DIR=20;MAX_OVERLAP=0.2 WINDOW_RESULTS=1000 KNN_REPEAT=200
XTS-P-0	CUBE(1.0,0.0,null)	24	64	1000000	0	282844968	282	438	130959	130959	102277	102802	108972	110183	0	0	164370000	162320000	170055000	169915000	0	0	82703	6	0	0	0	998898	999819	510522	509750	0	0	0.8430505083105079	0.844754159843103	0.9291630975366179	0.9276759563022831	-18715	7426	0	0	0	0	0	0	-1293	4	-1279	4	0	0	XTreeS;size=1000000;depth=6;nNodes=82703;nNodesData=76196;nNodesDir=6507;MIN_FANOUT=0.35;MAX_DATA=20;MAX_DIR=20;MAX_OVERLAP=0.2 WINDOW_RESULTS=1000 KNN_REPEAT=200
XTS-P-1	CUBE(1.0,0.0,null)	24	64	1000000	0	284220536	284	498	129320	129320	94080	94524	85291	83761	0	0	154740000	152825000	161075000	160570000	0	0	85164	6	0	0	0	1000361	1001046	510963	510515	0	0	0.8443237482547606	0.8381200664354068	0.9285193497612708	0.9306528109431603	-19297	6734	0	0	0	0	0	0	-1927	6	-1282	2	0	0	XTreeS;size=1000000;depth=6;nNodes=85164;nNodesData=78437;nNodesDir=6727;MIN_FANOUT=0.35;MAX_DATA=20;MAX_DIR=20;MAX_OVERLAP=0.2 WINDOW_RESULTS=1000 KNN_REPEAT=200
XTS-P-2	CUBE(1.0,0.0,null)	24	64	1000000	0	283963104	283	483	127550	127550	98070	96813	60630	60328	0	0	152285000	161605000	163835000	164590000	0	0	84685	6	0	0	0	1000957	1000555	510176	509793	0	0	0.8422611748192803	0.8458565329503575	0.9287924738225884	0.9309129390698825	-19008	6922	0	0	0	0	0	0	-1294	4	-1282	4	0	0	XTreeS;size=1000000;depth=6;nNodes=84685;nNodesData=77984;nNodesDir=6701;MIN_FANOUT=0.35;MAX_DATA=20;MAX_DIR=20;MAX_OVERLAP=0.2 WINDOW_RESULTS=1000 KNN_REPEAT=200
XTS-P-0	CUBE(1.0,0.0,null)	28	64	1000000	0	319865432	319	522	157028	157028	113189	113223	125821	127504	0	0	202190000	201910000	192220000	192355000	0	0	82517	6	0	0	0	1004704	1002557	508555	508033	0	0	1.0005318538976353	0.9983985362943133	1.0855547621648245	1.087014175589497	-22457	10474	0	0	0	0	0	0	-1478	4	-1464	4	0	0	XTreeS;size=1000000;depth=6;nNodes=82517;nNodesData=76016;nNodesDir=6501;MIN_FANOUT=0.35;MAX_DATA=20;MAX_DIR=20;MAX_OVERLAP=0.2 WINDOW_RESULTS=1000 KNN_REPEAT=200
XTS-P-1	CUBE(1.0,0.0,null)	28	64	1000000	0	320900496	320	550	155647	155647	113987	111309	50813	50807	0	0	197310000	199270000	194085000	194120000	0	0	84194	6	0	0	0	998104	1000178	508841	508806	0	0	0.9929212221705529	0.9942399702958282	1.0897477940772955	1.0881883915260866	-22304	12482	0	0	0	0	0	0	-1482	4	-1466	4	0	0	XTreeS;size=1000000;depth=6;nNodes=84194;nNodesData=77546;nNodesDir=6648;MIN_FANOUT=0.35;MAX_DATA=20;MAX_DIR=20;MAX_OVERLAP=0.2 WINDOW_RESULTS=1000 KNN_REPEAT=200
XTS-P-2	CUBE(1.0,0.0,null)	28	64	1000000	0	319427288	319	535	159067	159067	117887	116309	155471	166991	0	0	201160000	201465000	188965000	188890000	0	0	81825	6	0	0	0	999829	997919	509229	508447	0	0	0.996370153886848	0.9944677369144307	1.0917191868540046	1.0892421451296161	-21997	12542	0	0	0	0	0	0	-1477	4	-1462	4	0	0	XTreeS;size=1000000;depth=6;nNodes=81825;nNodesData=75351;nNodesDir=6474;MIN_FANOUT=0.35;MAX_DATA=20;MAX_DIR=20;MAX_OVERLAP=0.2 WINDOW_RESULTS=1000 KNN_REPEAT=200
XTS-P-0	CUBE(1.0,0.0,null)	30	64	1000000	0	339921064	339	568	174665	174665	116205	116191	32067	31916	0	0	206270000	209975000	201425000	202170000	0	0	85075	6	0	0	0	1001597	1002341	508444	507085	0	0	1.0707398661707273	1.0756954061987907	1.1625219301383862	1.1599048975325812	-24203	13878	0	0	0	0	0	0	-1575	6	-1560	4	0	0	XTreeS;size=1000000;depth=6;nNodes=85075;nNodesData=78262;nNodesDir=6813;MIN_FANOUT=0.35;MAX_DATA=20;MAX_DIR=20;MAX_OVERLAP=0.2 WINDOW_RESULTS=1000 KNN_REPEAT=200
XTS-P-1	CUBE(1.0,0.0,null)	30	64	1000000	0	339616632	339	587	173710	173710	120045	118307	60719	61589	0	0	205720000	205385000	193200000	192740000	0	0	84639	6	0	0	0	1002368	1001508	508856	506936	0	0	1.0726338525968422	1.0634982851545354	1.1635820432083483	1.162713229862297	-24351	11604	0	0	0	0	0	0	-1577	4	-1560	4	0	0	XTreeS;size=1000000;depth=6;nNodes=84639;nNodesData=77901;nNodesDir=6738;MIN_FANOUT=0.35;MAX_DATA=20;MAX_DIR=20;MAX_OVERLAP=0.2 WINDOW_RESULTS=1000 KNN_REPEAT=200
XTS-P-2	CUBE(1.0,0.0,null)	30	64	1000000	0	338000328	338	594	175420	175420	125398	123892	87924	79608	0	0	211365000	211525000	193460000	193815000	0	0	82118	6	0	0	0	999068	998007	507726	507653	0	0	1.065779589320729	1.0721178132474471	1.1629113085707794	1.1655743469669417	-24046	11668	0	0	0	0	0	0	-1570	4	-1555	4	0	0	XTreeS;size=1000000;depth=6;nNodes=82118;nNodesData=75637;nNodesDir=6481;MIN_FANOUT=0.35;MAX_DATA=20;MAX_DIR=20;MAX_OVERLAP=0.2 WINDOW_RESULTS=1000 KNN_REPEAT=200
XTS-P-0	CUBE(1.0,0.0,null)	40	64	1000000	0	427129024	427	767	256806	256806	154321	154252	112730	108463	0	0	245665000	245545000	214020000	218680000	0	0	78442	6	0	0	0	1000859	1001900	506245	506178	0	0	1.4214636197157364	1.4210703304408512	1.507374388517538	1.5095464413947761	-32812	4556	0	0	0	0	0	0	-2087	4	-2010	4	0	0	XTreeS;size=1000000;depth=6;nNodes=78442;nNodesData=72263;nNodesDir=6179;MIN_FANOUT=0.35;MAX_DATA=20;MAX_DIR=20;MAX_OVERLAP=0.2 WINDOW_RESULTS=1000 KNN_REPEAT=200
XTS-P-1	CUBE(1.0,0.0,null)	40	64	1000000	0	425510536	425	811	257079	257079	159898	159558	183249	193166	0	0	244105000	244045000	217980000	219335000	0	0	76440	6	0	0	0	997274	998129	507084	506544	0	0	1.4129865016929446	1.4165098845881898	1.5139229856944714	1.509492127608376	-31976	4554	0	0	0	0	0	0	-2095	4	-2006	4	0	0	XTreeS;size=1000000;depth=6;nNodes=76440;nNodesData=70430;nNodesDir=6010;MIN_FANOUT=0.35;MAX_DATA=20;MAX_DIR=20;MAX_OVERLAP=0.2 WINDOW_RESULTS=1000 KNN_REPEAT=200
XTS-P-2	CUBE(1.0,0.0,null)	40	64	1000000	0	426366544	426	784	259656	259656	155250	156719	239169	239128	0	0	241520000	249320000	214860000	214525000	0	0	77497	6	0	0	0	996392	996361	507075	505219	0	0	1.4132977554354462	1.4224483135760428	1.5125618664051363	1.515154619352906	-32832	4586	0	0	0	0	0	0	-2096	4	-2008	4	0	0	XTreeS;size=1000000;depth=6;nNodes=77497;nNodesData=71369;nNodesDir=6128;MIN_FANOUT=0.35;MAX_DATA=20;MAX_DIR=20;MAX_OVERLAP=0.2 WINDOW_RESULTS=1000 KNN_REPEAT=200
