Index	data	dim	bits	N	calcMem	memory	memory/n	gen	load	load/n	q1/n	q2/n	pq1/n	pq2/n	up1/n	up2/n	1-NN1	1-NN2	10-NN1	10-NN2	unload	unload/n	nodes	postLen	AHC	NT	NTinternal	q1-n	q2-n	q1p-n	q2p-n	up1-n	up2-n	d1-1NN	d2-1NN	d1-kNN	d2-kNN	load-s	load-t	w-query-s	w-query-t	p-query-s	p-query-t	update-s	update-t	1-NN-s	1-NN-t	10-NN-s	10-NN-t	unload-s	unload-t	msg	
% Averages
% ========
STRZ-R-AVG-3/3	CLUSTER(5.0,0.0,null)	3	64	1000000	0	121661005	121	262	944	944	5989	2920	1813	1818	12871	15784	17333	17000	55000	52333	2571	2571	111111	6	0	0	0	10534	10678	499367	499934	1000000	1000000	0.05370908285855255	0.053316628667331965	0.05461350406617921	0.05405728590038578	-13	191	0	0	0	0	-2476	5562	0	0	0	0	-269	28	RTreeZ;RStarTreeLogic;size=1000000;nNodes=111111;dir_m/M=2/10;data_m/M=2/10 WINDOW_RESULTS=1 KNN_REPEAT=1000 UPD_DIST=1.0E-4
STRZ-R-AVG-3/3	CLUSTER(5.0,0.0,null)	3	64	1000000	0	121658013	121	265	926	926	719	433	1834	1830	12920	15979	19333	17666	46333	44666	2578	2578	111111	6	0	0	0	104565	97428	499367	499934	1000000	1000000	0.05370908285855255	0.053316628667331965	0.05461350406617921	0.05405728590038578	-13	192	0	0	0	0	-2480	5598	0	0	0	0	-269	28	RTreeZ;RStarTreeLogic;size=1000000;nNodes=111111;dir_m/M=2/10;data_m/M=2/10 WINDOW_RESULTS=10 KNN_REPEAT=1000 UPD_DIST=1.0E-4
STRZ-R-AVG-3/3	CLUSTER(5.0,0.0,null)	3	64	1000000	0	121009917	120	239	934	934	121	104	1883	1912	13434	16305	17666	17666	50333	49000	2607	2607	111111	6	0	0	0	996781	998195	499367	499934	1000000	1000000	0.05370908285855255	0.053316628667331965	0.05461350406617921	0.05405728590038578	-14	202	0	0	0	0	-2476	5724	0	0	0	0	-269	30	RTreeZ;RStarTreeLogic;size=1000000;nNodes=111111;dir_m/M=2/10;data_m/M=2/10 WINDOW_RESULTS=100 KNN_REPEAT=1000 UPD_DIST=1.0E-4
STRZ-R-AVG-3/3	CLUSTER(5.0,0.0,null)	3	64	1000000	0	121659581	121	235	890	890	52	51	1865	1863	13214	16170	18333	17666	50000	48000	2585	2585	111111	6	0	0	0	10028259	10004721	499367	499934	1000000	1000000	0.05370908285855255	0.053316628667331965	0.05461350406617921	0.05405728590038578	-13	193	0	0	0	0	-2474	5746	0	0	0	0	-269	28	RTreeZ;RStarTreeLogic;size=1000000;nNodes=111111;dir_m/M=2/10;data_m/M=2/10 WINDOW_RESULTS=1000 KNN_REPEAT=1000 UPD_DIST=1.0E-4
STRZ-R-AVG-3/3	CLUSTER(5.0,0.0,null)	3	64	1000000	0	121663170	121	262	936	936	39	39	1816	1810	12850	15810	17333	17000	44666	43666	2576	2576	111111	6	0	0	0	100355199	99931273	499367	499934	1000000	1000000	0.05370908285855255	0.053316628667331965	0.05461350406617921	0.05405728590038578	-13	191	0	0	0	0	-2478	5564	0	0	0	0	-268	31	RTreeZ;RStarTreeLogic;size=1000000;nNodes=111111;dir_m/M=2/10;data_m/M=2/10 WINDOW_RESULTS=10000 KNN_REPEAT=1000 UPD_DIST=1.0E-4
% Measurements
% ============
STRZ-R-0	CLUSTER(5.0,0.0,null)	3	64	1000000	0	121657896	121	263	917	917	6343	2359	1784	1779	13075	16125	17000	17000	58000	53000	2561	2561	111111	6	0	0	0	9774	12714	499015	499629	1000000	1000000	0.05289868806757571	0.05361451376439844	0.05380120983991278	0.053438504810508526	-13	192	0	0	0	0	-2397	5558	0	0	0	0	-269	28	RTreeZ;RStarTreeLogic;size=1000000;nNodes=111111;dir_m/M=2/10;data_m/M=2/10 WINDOW_RESULTS=1 KNN_REPEAT=1000 UPD_DIST=1.0E-4
STRZ-R-1	CLUSTER(5.0,0.0,null)	3	64	1000000	0	121662336	121	266	1000	1000	5484	3554	1819	1834	12471	14776	18000	17000	54000	50000	2390	2390	111111	6	0	0	0	10758	8441	499253	500338	1000000	1000000	0.05396475251302142	0.05256014963270485	0.05536437089249448	0.054425201136990356	-13	192	0	0	0	0	-2383	5522	0	0	0	0	-271	26	RTreeZ;RStarTreeLogic;size=1000000;nNodes=111111;dir_m/M=2/10;data_m/M=2/10 WINDOW_RESULTS=1 KNN_REPEAT=1000 UPD_DIST=1.0E-4
STRZ-R-2	CLUSTER(5.0,0.0,null)	3	64	1000000	0	121662784	121	259	916	916	6142	2849	1838	1842	13069	16452	17000	17000	53000	54000	2763	2763	111111	6	0	0	0	11070	10880	499833	499837	1000000	1000000	0.054263807995060497	0.0537752226048926	0.05467493146613038	0.05430815175365846	-13	190	0	0	0	0	-2648	5608	0	0	0	0	-267	30	RTreeZ;RStarTreeLogic;size=1000000;nNodes=111111;dir_m/M=2/10;data_m/M=2/10 WINDOW_RESULTS=1 KNN_REPEAT=1000 UPD_DIST=1.0E-4
STRZ-R-0	CLUSTER(5.0,0.0,null)	3	64	1000000	0	121658032	121	265	922	922	798	441	1806	1793	13203	16298	19000	18000	46000	44000	2560	2560	111111	6	0	0	0	92693	90638	499015	499629	1000000	1000000	0.05289868806757571	0.05361451376439844	0.05380120983991278	0.053438504810508526	-13	190	0	0	0	0	-2395	5538	0	0	0	0	-269	28	RTreeZ;RStarTreeLogic;size=1000000;nNodes=111111;dir_m/M=2/10;data_m/M=2/10 WINDOW_RESULTS=10 KNN_REPEAT=1000 UPD_DIST=1.0E-4
STRZ-R-1	CLUSTER(5.0,0.0,null)	3	64	1000000	0	121658096	121	264	932	932	745	480	1816	1825	12486	15012	17000	17000	46000	45000	2377	2377	111111	6	0	0	0	100618	85364	499253	500338	1000000	1000000	0.05396475251302142	0.05256014963270485	0.05536437089249448	0.054425201136990356	-13	192	0	0	0	0	-2396	5596	0	0	0	0	-271	26	RTreeZ;RStarTreeLogic;size=1000000;nNodes=111111;dir_m/M=2/10;data_m/M=2/10 WINDOW_RESULTS=10 KNN_REPEAT=1000 UPD_DIST=1.0E-4
STRZ-R-2	CLUSTER(5.0,0.0,null)	3	64	1000000	0	121657912	121	266	925	925	614	378	1881	1872	13071	16628	22000	18000	47000	45000	2798	2798	111111	6	0	0	0	120384	116283	499833	499837	1000000	1000000	0.054263807995060497	0.0537752226048926	0.05467493146613038	0.05430815175365846	-13	194	0	0	0	0	-2649	5662	0	0	0	0	-267	32	RTreeZ;RStarTreeLogic;size=1000000;nNodes=111111;dir_m/M=2/10;data_m/M=2/10 WINDOW_RESULTS=10 KNN_REPEAT=1000 UPD_DIST=1.0E-4
STRZ-R-0	CLUSTER(5.0,0.0,null)	3	64	1000000	0	121657744	121	276	929	929	128	96	1793	1791	13175	16211	16000	17000	54000	52000	2580	2580	111111	6	0	0	0	997513	1023820	499015	499629	1000000	1000000	0.05289868806757571	0.05361451376439844	0.05380120983991278	0.053438504810508526	-13	192	0	0	0	0	-2398	5580	0	0	0	0	-269	28	RTreeZ;RStarTreeLogic;size=1000000;nNodes=111111;dir_m/M=2/10;data_m/M=2/10 WINDOW_RESULTS=100 KNN_REPEAT=1000 UPD_DIST=1.0E-4
STRZ-R-1	CLUSTER(5.0,0.0,null)	3	64	1000000	0	121658008	121	223	961	961	120	106	1915	2002	13449	15447	18000	18000	48000	45000	2412	2412	111111	6	0	0	0	950817	976225	499253	500338	1000000	1000000	0.05396475251302142	0.05256014963270485	0.05536437089249448	0.054425201136990356	-13	222	0	0	0	0	-2383	5832	0	0	0	0	-271	30	RTreeZ;RStarTreeLogic;size=1000000;nNodes=111111;dir_m/M=2/10;data_m/M=2/10 WINDOW_RESULTS=100 KNN_REPEAT=1000 UPD_DIST=1.0E-4
STRZ-R-2	CLUSTER(5.0,0.0,null)	3	64	1000000	0	119714000	119	218	912	912	116	112	1943	1944	13679	17258	19000	18000	49000	50000	2829	2829	111111	6	0	0	0	1042014	994542	499833	499837	1000000	1000000	0.054263807995060497	0.0537752226048926	0.05467493146613038	0.05430815175365846	-15	192	0	0	0	0	-2649	5762	0	0	0	0	-267	34	RTreeZ;RStarTreeLogic;size=1000000;nNodes=111111;dir_m/M=2/10;data_m/M=2/10 WINDOW_RESULTS=100 KNN_REPEAT=1000 UPD_DIST=1.0E-4
STRZ-R-0	CLUSTER(5.0,0.0,null)	3	64	1000000	0	121658096	121	217	898	898	53	51	1850	1843	13656	16810	20000	19000	55000	52000	2612	2612	111111	6	0	0	0	9962913	10014537	499015	499629	1000000	1000000	0.05289868806757571	0.05361451376439844	0.05380120983991278	0.053438504810508526	-13	194	0	0	0	0	-2392	5958	0	0	0	0	-269	28	RTreeZ;RStarTreeLogic;size=1000000;nNodes=111111;dir_m/M=2/10;data_m/M=2/10 WINDOW_RESULTS=1000 KNN_REPEAT=1000 UPD_DIST=1.0E-4
STRZ-R-1	CLUSTER(5.0,0.0,null)	3	64	1000000	0	121662784	121	214	895	895	51	52	1857	1860	12979	15212	18000	18000	51000	49000	2386	2386	111111	6	0	0	0	9983357	9907928	499253	500338	1000000	1000000	0.05396475251302142	0.05256014963270485	0.05536437089249448	0.054425201136990356	-13	194	0	0	0	0	-2383	5648	0	0	0	0	-271	28	RTreeZ;RStarTreeLogic;size=1000000;nNodes=111111;dir_m/M=2/10;data_m/M=2/10 WINDOW_RESULTS=1000 KNN_REPEAT=1000 UPD_DIST=1.0E-4
STRZ-R-2	CLUSTER(5.0,0.0,null)	3	64	1000000	0	121657864	121	274	878	878	54	50	1888	1887	13007	16488	17000	16000	44000	43000	2759	2759	111111	6	0	0	0	10138509	10091699	499833	499837	1000000	1000000	0.054263807995060497	0.0537752226048926	0.05467493146613038	0.05430815175365846	-13	192	0	0	0	0	-2648	5632	0	0	0	0	-267	30	RTreeZ;RStarTreeLogic;size=1000000;nNodes=111111;dir_m/M=2/10;data_m/M=2/10 WINDOW_RESULTS=1000 KNN_REPEAT=1000 UPD_DIST=1.0E-4
STRZ-R-0	CLUSTER(5.0,0.0,null)	3	64	1000000	0	121663128	121	262	946	946	39	39	1750	1753	13018	16095	17000	17000	43000	41000	2565	2565	111111	6	0	0	0	102239177	102279289	499015	499629	1000000	1000000	0.05289868806757571	0.05361451376439844	0.05380120983991278	0.053438504810508526	-13	192	0	0	0	0	-2392	5524	0	0	0	0	-267	36	RTreeZ;RStarTreeLogic;size=1000000;nNodes=111111;dir_m/M=2/10;data_m/M=2/10 WINDOW_RESULTS=10000 KNN_REPEAT=1000 UPD_DIST=1.0E-4
STRZ-R-1	CLUSTER(5.0,0.0,null)	3	64	1000000	0	121663008	121	264	935	935	39	39	1808	1790	12489	14837	17000	17000	46000	45000	2395	2395	111111	6	0	0	0	99699750	98568760	499253	500338	1000000	1000000	0.05396475251302142	0.05256014963270485	0.05536437089249448	0.054425201136990356	-13	192	0	0	0	0	-2393	5558	0	0	0	0	-271	26	RTreeZ;RStarTreeLogic;size=1000000;nNodes=111111;dir_m/M=2/10;data_m/M=2/10 WINDOW_RESULTS=10000 KNN_REPEAT=1000 UPD_DIST=1.0E-4
STRZ-R-2	CLUSTER(5.0,0.0,null)	3	64	1000000	0	121663376	121	260	927	927	40	40	1890	1888	13045	16500	18000	17000	45000	45000	2768	2768	111111	6	0	0	0	99126672	98945771	499833	499837	1000000	1000000	0.054263807995060497	0.0537752226048926	0.05467493146613038	0.05430815175365846	-13	190	0	0	0	0	-2649	5610	0	0	0	0	-267	32	RTreeZ;RStarTreeLogic;size=1000000;nNodes=111111;dir_m/M=2/10;data_m/M=2/10 WINDOW_RESULTS=10000 KNN_REPEAT=1000 UPD_DIST=1.0E-4
