Index	data	dim	bits	N	calcMem	memory	memory/n	gen	load	load/n	q1/n	q2/n	pq1/n	pq2/n	up1/n	up2/n	1-NN1	1-NN2	10-NN1	10-NN2	unload	unload/n	nodes	postLen	AHC	NT	NTinternal	q1-n	q2-n	q1p-n	q2p-n	up1-n	up2-n	d1-1NN	d2-1NN	d1-kNN	d2-kNN	load-s	load-t	w-query-s	w-query-t	p-query-s	p-query-t	update-s	update-t	1-NN-s	1-NN-t	10-NN-s	10-NN-t	unload-s	unload-t	msg	
% Averages
% ========
QKDZ-P-AVG-3/3	CUBE(1.0,0.0,null)	3	64	1000000	0	99932048	99	101	445	445	3844	2943	544	547	705	732	5533	5500	15133	15233	679	679	297105	8	0	0	0	20027	20037	583057	541071	1000000	1000000	0.005549550437770283	0.005544053241235799	0.010311137994242721	0.010308335453926603	0	0	0	0	0	0	0	0	0	0	0	0	0	0	QuadTreeKD;maxNodeSize=10;maxDepth=50;DEBUG=false;center/radius=[0.5000012195637187, 0.5000015752099962, 0.5000021929436951]/0.9999967737353793 WINDOW_RESULTS=1 KNN_REPEAT=10000 UPD_DIST=1.0E-4
QKDZ-P-AVG-3/3	CUBE(1.0,0.0,null)	3	64	1000000	0	99811400	99	100	437	437	1309	1125	547	545	697	786	5366	5600	15300	15100	698	698	297105	8	0	0	0	109888	109890	583057	541071	1000000	1000000	0.005549550437770283	0.005544053241235799	0.010311137994242721	0.010308335453926603	0	0	0	0	0	0	-241	87	0	0	0	0	0	0	QuadTreeKD;maxNodeSize=10;maxDepth=50;DEBUG=false;center/radius=[0.5000012195637187, 0.5000015752099962, 0.5000021929436951]/0.9999967737353793 WINDOW_RESULTS=10 KNN_REPEAT=10000 UPD_DIST=1.0E-4
QKDZ-P-AVG-3/3	CUBE(1.0,0.0,null)	3	64	1000000	0	99789744	99	94	425	425	407	396	547	547	685	779	5466	5533	15133	15166	709	709	297105	8	0	0	0	1009472	1010685	583057	541071	1000000	1000000	0.005549550437770283	0.005544053241235799	0.010311137994242721	0.010308335453926603	0	0	0	0	0	0	-242	86	0	0	0	0	0	0	QuadTreeKD;maxNodeSize=10;maxDepth=50;DEBUG=false;center/radius=[0.5000012195637187, 0.5000015752099962, 0.5000021929436951]/0.9999967737353793 WINDOW_RESULTS=100 KNN_REPEAT=10000 UPD_DIST=1.0E-4
QKDZ-P-AVG-3/3	CUBE(1.0,0.0,null)	3	64	1000000	0	98647056	98	78	435	435	202	203	546	544	727	764	5500	5600	15333	15033	678	678	297105	8	0	0	0	10009376	10010849	583057	541071	1000000	1000000	0.005549550437770283	0.005544053241235799	0.010311137994242721	0.010308335453926603	0	0	-298	0	0	0	-467	153	-144	1	0	0	0	0	QuadTreeKD;maxNodeSize=10;maxDepth=50;DEBUG=false;center/radius=[0.5000012195637187, 0.5000015752099962, 0.5000021929436951]/0.9999967737353793 WINDOW_RESULTS=1000 KNN_REPEAT=10000 UPD_DIST=1.0E-4
QKDZ-P-AVG-3/3	CUBE(1.0,0.0,null)	3	64	1000000	0	99425626	99	107	436	436	147	145	556	561	718	770	5566	5733	15533	15466	716	716	297105	8	0	0	0	100038137	100028533	583057	541071	1000000	1000000	0.005549550437770283	0.005544053241235799	0.010311137994242721	0.010308335453926603	0	0	-2290	10	0	0	-82	27	0	0	0	0	0	0	QuadTreeKD;maxNodeSize=10;maxDepth=50;DEBUG=false;center/radius=[0.5000012195637187, 0.5000015752099962, 0.5000021929436951]/0.9999967737353793 WINDOW_RESULTS=10000 KNN_REPEAT=10000 UPD_DIST=1.0E-4
% Measurements
% ============
QKDZ-P-0	CUBE(1.0,0.0,null)	3	64	1000000	0	99928944	99	100	443	443	3732	2833	541	537	691	742	5500	5400	14800	15000	683	683	297072	8	0	0	0	20096	20115	583280	540103	1000000	1000000	0.005540494385698991	0.005522094710687428	0.01032014395051017	0.010320052554053182	0	0	0	0	0	0	0	0	0	0	0	0	0	0	QuadTreeKD;maxNodeSize=10;maxDepth=50;DEBUG=false;center/radius=[0.5000008839398181, 0.5000013353908426, 0.49999469952707937]/0.9999972296904882 WINDOW_RESULTS=1 KNN_REPEAT=10000 UPD_DIST=1.0E-4
QKDZ-P-1	CUBE(1.0,0.0,null)	3	64	1000000	0	99930328	99	108	449	449	3847	2865	540	545	712	735	5500	5500	15500	15600	675	675	297088	8	0	0	0	20012	19889	582935	541949	1000000	1000000	0.005551490700883239	0.00554313718533145	0.010302345415432715	0.010323751122532447	0	0	0	0	0	0	0	0	0	0	0	0	0	0	QuadTreeKD;maxNodeSize=10;maxDepth=50;DEBUG=false;center/radius=[0.5000018887162908, 0.5000013275339956, 0.49999892722617734]/0.9999977003770615 WINDOW_RESULTS=1 KNN_REPEAT=10000 UPD_DIST=1.0E-4
QKDZ-P-2	CUBE(1.0,0.0,null)	3	64	1000000	0	99936872	99	97	443	443	3954	3133	552	560	714	721	5600	5600	15100	15100	680	680	297156	8	0	0	0	19975	20107	582958	541161	1000000	1000000	0.005556666226728621	0.005566927827688519	0.01031092461678528	0.010281202685194179	0	0	0	0	0	0	0	0	0	0	0	0	0	0	QuadTreeKD;maxNodeSize=10;maxDepth=50;DEBUG=false;center/radius=[0.5000012195637187, 0.5000015752099962, 0.5000021929436951]/0.9999967737353793 WINDOW_RESULTS=1 KNN_REPEAT=10000 UPD_DIST=1.0E-4
QKDZ-P-0	CUBE(1.0,0.0,null)	3	64	1000000	0	99808296	99	105	445	445	1369	1125	544	539	692	773	5400	5700	15200	15200	673	673	297072	8	0	0	0	110246	110169	583280	540103	1000000	1000000	0.005540494385698991	0.005522094710687428	0.01032014395051017	0.010320052554053182	0	0	0	0	0	0	-241	88	0	0	0	0	0	0	QuadTreeKD;maxNodeSize=10;maxDepth=50;DEBUG=false;center/radius=[0.5000008839398181, 0.5000013353908426, 0.49999469952707937]/0.9999972296904882 WINDOW_RESULTS=10 KNN_REPEAT=10000 UPD_DIST=1.0E-4
QKDZ-P-1	CUBE(1.0,0.0,null)	3	64	1000000	0	99809680	99	99	436	436	1286	1113	555	548	709	816	5400	5400	15300	15000	733	733	297088	8	0	0	0	109600	109609	582935	541949	1000000	1000000	0.005551490700883239	0.00554313718533145	0.010302345415432715	0.010323751122532447	0	0	0	0	0	0	-241	88	0	0	0	0	0	0	QuadTreeKD;maxNodeSize=10;maxDepth=50;DEBUG=false;center/radius=[0.5000018887162908, 0.5000013275339956, 0.49999892722617734]/0.9999977003770615 WINDOW_RESULTS=10 KNN_REPEAT=10000 UPD_DIST=1.0E-4
QKDZ-P-2	CUBE(1.0,0.0,null)	3	64	1000000	0	99816224	99	98	430	430	1274	1137	543	550	691	769	5300	5700	15400	15100	688	688	297156	8	0	0	0	109818	109894	582958	541161	1000000	1000000	0.005556666226728621	0.005566927827688519	0.01031092461678528	0.010281202685194179	0	0	0	0	0	0	-241	86	0	0	0	0	0	0	QuadTreeKD;maxNodeSize=10;maxDepth=50;DEBUG=false;center/radius=[0.5000012195637187, 0.5000015752099962, 0.5000021929436951]/0.9999967737353793 WINDOW_RESULTS=10 KNN_REPEAT=10000 UPD_DIST=1.0E-4
QKDZ-P-0	CUBE(1.0,0.0,null)	3	64	1000000	0	99786640	99	88	427	427	410	397	551	542	685	771	5500	5600	15200	15400	695	695	297072	8	0	0	0	1009367	1009712	583280	540103	1000000	1000000	0.005540494385698991	0.005522094710687428	0.01032014395051017	0.010320052554053182	0	0	0	0	0	0	-242	86	0	0	0	0	0	0	QuadTreeKD;maxNodeSize=10;maxDepth=50;DEBUG=false;center/radius=[0.5000008839398181, 0.5000013353908426, 0.49999469952707937]/0.9999972296904882 WINDOW_RESULTS=100 KNN_REPEAT=10000 UPD_DIST=1.0E-4
QKDZ-P-1	CUBE(1.0,0.0,null)	3	64	1000000	0	99788024	99	91	422	422	407	388	542	549	684	764	5400	5500	15200	15200	683	683	297088	8	0	0	0	1009473	1012858	582935	541949	1000000	1000000	0.005551490700883239	0.00554313718533145	0.010302345415432715	0.010323751122532447	0	0	0	0	0	0	-242	86	0	0	0	0	0	0	QuadTreeKD;maxNodeSize=10;maxDepth=50;DEBUG=false;center/radius=[0.5000018887162908, 0.5000013275339956, 0.49999892722617734]/0.9999977003770615 WINDOW_RESULTS=100 KNN_REPEAT=10000 UPD_DIST=1.0E-4
QKDZ-P-2	CUBE(1.0,0.0,null)	3	64	1000000	0	99794568	99	104	427	427	405	403	548	550	687	803	5500	5500	15000	14900	750	750	297156	8	0	0	0	1009578	1009486	582958	541161	1000000	1000000	0.005556666226728621	0.005566927827688519	0.01031092461678528	0.010281202685194179	0	0	0	0	0	0	-242	88	0	0	0	0	0	0	QuadTreeKD;maxNodeSize=10;maxDepth=50;DEBUG=false;center/radius=[0.5000012195637187, 0.5000015752099962, 0.5000021929436951]/0.9999967737353793 WINDOW_RESULTS=100 KNN_REPEAT=10000 UPD_DIST=1.0E-4
QKDZ-P-0	CUBE(1.0,0.0,null)	3	64	1000000	0	98643920	98	84	427	427	204	207	535	542	723	757	5500	5600	15300	15000	673	673	297072	8	0	0	0	10003756	10004754	583280	540103	1000000	1000000	0.005540494385698991	0.005522094710687428	0.01032014395051017	0.010320052554053182	0	0	-298	0	0	0	-467	154	-144	1	0	0	0	0	QuadTreeKD;maxNodeSize=10;maxDepth=50;DEBUG=false;center/radius=[0.5000008839398181, 0.5000013353908426, 0.49999469952707937]/0.9999972296904882 WINDOW_RESULTS=1000 KNN_REPEAT=10000 UPD_DIST=1.0E-4
QKDZ-P-1	CUBE(1.0,0.0,null)	3	64	1000000	0	98645352	98	55	438	438	202	202	554	545	729	766	5500	5600	15200	15000	685	685	297088	8	0	0	0	10012024	10019783	582935	541949	1000000	1000000	0.005551490700883239	0.00554313718533145	0.010302345415432715	0.010323751122532447	0	0	-298	2	0	0	-468	152	0	0	0	0	0	0	QuadTreeKD;maxNodeSize=10;maxDepth=50;DEBUG=false;center/radius=[0.5000018887162908, 0.5000013275339956, 0.49999892722617734]/0.9999977003770615 WINDOW_RESULTS=1000 KNN_REPEAT=10000 UPD_DIST=1.0E-4
QKDZ-P-2	CUBE(1.0,0.0,null)	3	64	1000000	0	98651896	98	97	441	441	202	201	551	545	731	770	5500	5600	15500	15100	678	678	297156	8	0	0	0	10012349	10008010	582958	541161	1000000	1000000	0.005556666226728621	0.005566927827688519	0.01031092461678528	0.010281202685194179	0	0	-298	0	0	0	-468	154	0	0	0	0	0	0	QuadTreeKD;maxNodeSize=10;maxDepth=50;DEBUG=false;center/radius=[0.5000012195637187, 0.5000015752099962, 0.5000021929436951]/0.9999967737353793 WINDOW_RESULTS=1000 KNN_REPEAT=10000 UPD_DIST=1.0E-4
QKDZ-P-0	CUBE(1.0,0.0,null)	3	64	1000000	0	99427472	99	115	438	438	151	147	564	573	734	767	5900	5900	15600	15700	732	732	297072	8	0	0	0	99966182	99945445	583280	540103	1000000	1000000	0.005540494385698991	0.005522094710687428	0.01032014395051017	0.010320052554053182	0	0	-2290	10	0	0	0	0	0	0	0	0	0	0	QuadTreeKD;maxNodeSize=10;maxDepth=50;DEBUG=false;center/radius=[0.5000008839398181, 0.5000013353908426, 0.49999469952707937]/0.9999972296904882 WINDOW_RESULTS=10000 KNN_REPEAT=10000 UPD_DIST=1.0E-4
QKDZ-P-1	CUBE(1.0,0.0,null)	3	64	1000000	0	99421432	99	98	422	422	147	147	567	565	730	771	5600	5600	15800	15600	719	719	297088	8	0	0	0	100088072	100090681	582935	541949	1000000	1000000	0.005551490700883239	0.00554313718533145	0.010302345415432715	0.010323751122532447	0	0	-2290	12	0	0	0	0	0	0	0	0	0	0	QuadTreeKD;maxNodeSize=10;maxDepth=50;DEBUG=false;center/radius=[0.5000018887162908, 0.5000013275339956, 0.49999892722617734]/0.9999977003770615 WINDOW_RESULTS=10000 KNN_REPEAT=10000 UPD_DIST=1.0E-4
QKDZ-P-2	CUBE(1.0,0.0,null)	3	64	1000000	0	99427976	99	110	449	449	144	143	539	545	691	773	5200	5700	15200	15100	697	697	297156	8	0	0	0	100060157	100049474	582958	541161	1000000	1000000	0.005556666226728621	0.005566927827688519	0.01031092461678528	0.010281202685194179	0	0	-2290	8	0	0	-246	82	0	0	0	0	0	0	QuadTreeKD;maxNodeSize=10;maxDepth=50;DEBUG=false;center/radius=[0.5000012195637187, 0.5000015752099962, 0.5000021929436951]/0.9999967737353793 WINDOW_RESULTS=10000 KNN_REPEAT=10000 UPD_DIST=1.0E-4
