Index	data	dim	bits	N	calcMem	memory	memory/n	gen	load	load/n	q1/n	q2/n	pq1/n	pq2/n	up1/n	up2/n	1-NN1	1-NN2	10-NN1	10-NN2	unload	unload/n	nodes	postLen	AHC	NT	NTinternal	q1-n	q2-n	q1p-n	q2p-n	up1-n	up2-n	d1-1NN	d2-1NN	d1-kNN	d2-kNN	load-s	load-t	w-query-s	w-query-t	p-query-s	p-query-t	update-s	update-t	1-NN-s	1-NN-t	10-NN-s	10-NN-t	unload-s	unload-t	msg	
% Averages
% ========
QKDZ-P-AVG-3/3	CLUSTER(5.0,0.0,null)	3	64	1000000	0	107452093	107	215	221	221	2686	895	398	395	1004	1089	27000	27000	64333	65000	256	256	360784	13	0	0	0	10587	10843	499718	499393	1000000	1000000	0.053679741473046515	0.053743099574322516	0.05466713670559208	0.05550500470104767	0	0	0	0	0	0	0	0	0	0	0	0	0	0	QuadTreeKD;maxNodeSize=10;maxDepth=50;DEBUG=false;center/radius=[0.4999305039645927, 0.5000812838111881, 0.49947350916289235]/1.004276997583565 WINDOW_RESULTS=1 KNN_REPEAT=1000 UPD_DIST=1.0E-4
QKDZ-P-AVG-3/3	CLUSTER(5.0,0.0,null)	3	64	1000000	0	107445570	107	180	226	226	447	170	403	404	1055	1090	27000	27333	63666	63333	264	264	360784	13	0	0	0	94132	101741	499718	499393	1000000	1000000	0.053679741473046515	0.053743099574322516	0.05466713670559208	0.05550500470104767	0	0	0	0	0	0	-237	101	0	0	0	0	0	0	QuadTreeKD;maxNodeSize=10;maxDepth=50;DEBUG=false;center/radius=[0.4999305039645927, 0.5000812838111881, 0.49947350916289235]/1.004276997583565 WINDOW_RESULTS=10 KNN_REPEAT=1000 UPD_DIST=1.0E-4
QKDZ-P-AVG-3/3	CLUSTER(5.0,0.0,null)	3	64	1000000	0	107322717	107	209	231	231	92	76	403	429	1105	1161	28333	30000	65666	66333	262	262	360784	13	0	0	0	982247	1019482	499718	499393	1000000	1000000	0.053679741473046515	0.053743099574322516	0.05466713670559208	0.05550500470104767	0	0	0	0	0	0	-374	200	0	0	0	0	0	0	QuadTreeKD;maxNodeSize=10;maxDepth=50;DEBUG=false;center/radius=[0.4999305039645927, 0.5000812838111881, 0.49947350916289235]/1.004276997583565 WINDOW_RESULTS=100 KNN_REPEAT=1000 UPD_DIST=1.0E-4
QKDZ-P-AVG-3/3	CLUSTER(5.0,0.0,null)	3	64	1000000	0	105908578	105	196	221	221	57	55	403	399	999	1191	26666	27000	63333	62333	279	279	360784	13	0	0	0	9953316	10038293	499718	499393	1000000	1000000	0.053679741473046515	0.053743099574322516	0.05466713670559208	0.05550500470104767	0	0	-277	1	0	0	-203	595	0	0	0	0	0	0	QuadTreeKD;maxNodeSize=10;maxDepth=50;DEBUG=false;center/radius=[0.4999305039645927, 0.5000812838111881, 0.49947350916289235]/1.004276997583565 WINDOW_RESULTS=1000 KNN_REPEAT=1000 UPD_DIST=1.0E-4
QKDZ-P-AVG-3/3	CLUSTER(5.0,0.0,null)	3	64	1000000	0	106953312	106	200	212	212	48	48	401	394	1013	1119	28333	27000	64000	63000	248	248	360784	13	0	0	0	100764901	101015445	499718	499393	1000000	1000000	0.053679741473046515	0.053743099574322516	0.05466713670559208	0.05550500470104767	0	0	-2290	13	0	0	-414	128	0	0	0	0	0	0	QuadTreeKD;maxNodeSize=10;maxDepth=50;DEBUG=false;center/radius=[0.4999305039645927, 0.5000812838111881, 0.49947350916289235]/1.004276997583565 WINDOW_RESULTS=10000 KNN_REPEAT=1000 UPD_DIST=1.0E-4
% Measurements
% ============
QKDZ-P-0	CLUSTER(5.0,0.0,null)	3	64	1000000	0	107436248	107	206	239	239	3418	972	400	396	1011	1094	27000	25000	62000	66000	259	259	360669	13	0	0	0	8484	9250	499939	498463	1000000	1000000	0.05353467363121462	0.0539591942395636	0.054935742648836904	0.055961493042587865	0	0	0	0	0	0	0	0	0	0	0	0	0	0	QuadTreeKD;maxNodeSize=10;maxDepth=50;DEBUG=false;center/radius=[0.49972960497375596, 0.49956548762561936, 0.49954819077601614]/1.0057639744950941 WINDOW_RESULTS=1 KNN_REPEAT=1000 UPD_DIST=1.0E-4
QKDZ-P-1	CLUSTER(5.0,0.0,null)	3	64	1000000	0	107464568	107	230	221	221	1723	818	399	396	1006	1089	27000	27000	67000	68000	257	257	360951	13	0	0	0	13344	10992	499851	500135	1000000	1000000	0.05441701540552195	0.05371421351595642	0.05374971714941481	0.054863404197782316	0	0	0	0	0	0	0	0	0	0	0	0	0	0	QuadTreeKD;maxNodeSize=10;maxDepth=50;DEBUG=false;center/radius=[0.4977575464944092, 0.4981877394814563, 0.5006515915204797]/1.0038033090588423 WINDOW_RESULTS=1 KNN_REPEAT=1000 UPD_DIST=1.0E-4
QKDZ-P-2	CLUSTER(5.0,0.0,null)	3	64	1000000	0	107455464	107	211	204	204	2919	895	395	393	995	1084	27000	29000	64000	61000	253	253	360733	13	0	0	0	9933	12287	499364	499583	1000000	1000000	0.05308753538240296	0.05355589096744752	0.05531595031852453	0.055690116862772844	0	0	0	0	0	0	0	0	0	0	0	0	0	0	QuadTreeKD;maxNodeSize=10;maxDepth=50;DEBUG=false;center/radius=[0.4999305039645927, 0.5000812838111881, 0.49947350916289235]/1.004276997583565 WINDOW_RESULTS=1 KNN_REPEAT=1000 UPD_DIST=1.0E-4
QKDZ-P-0	CLUSTER(5.0,0.0,null)	3	64	1000000	0	107432816	107	170	228	228	520	176	401	394	1059	1098	27000	26000	63000	63000	271	271	360669	13	0	0	0	76839	96369	499939	498463	1000000	1000000	0.05353467363121462	0.0539591942395636	0.054935742648836904	0.055961493042587865	0	0	0	0	0	0	-236	104	0	0	0	0	0	0	QuadTreeKD;maxNodeSize=10;maxDepth=50;DEBUG=false;center/radius=[0.49972960497375596, 0.49956548762561936, 0.49954819077601614]/1.0057639744950941 WINDOW_RESULTS=10 KNN_REPEAT=1000 UPD_DIST=1.0E-4
QKDZ-P-1	CLUSTER(5.0,0.0,null)	3	64	1000000	0	107461272	107	199	218	218	444	171	402	417	1059	1093	27000	29000	66000	66000	269	269	360951	13	0	0	0	107949	93413	499851	500135	1000000	1000000	0.05441701540552195	0.05371421351595642	0.05374971714941481	0.054863404197782316	0	0	0	0	0	0	-237	100	0	0	0	0	0	0	QuadTreeKD;maxNodeSize=10;maxDepth=50;DEBUG=false;center/radius=[0.4977575464944092, 0.4981877394814563, 0.5006515915204797]/1.0038033090588423 WINDOW_RESULTS=10 KNN_REPEAT=1000 UPD_DIST=1.0E-4
QKDZ-P-2	CLUSTER(5.0,0.0,null)	3	64	1000000	0	107442624	107	173	233	233	379	164	406	401	1048	1080	27000	27000	62000	61000	253	253	360733	13	0	0	0	97608	115443	499364	499583	1000000	1000000	0.05308753538240296	0.05355589096744752	0.05531595031852453	0.055690116862772844	0	0	0	0	0	0	-236	100	0	0	0	0	0	0	QuadTreeKD;maxNodeSize=10;maxDepth=50;DEBUG=false;center/radius=[0.4999305039645927, 0.5000812838111881, 0.49947350916289235]/1.004276997583565 WINDOW_RESULTS=10 KNN_REPEAT=1000 UPD_DIST=1.0E-4
QKDZ-P-0	CLUSTER(5.0,0.0,null)	3	64	1000000	0	107304856	107	206	221	221	100	76	406	486	1216	1148	27000	26000	70000	73000	260	260	360669	13	0	0	0	956165	1001799	499939	498463	1000000	1000000	0.05353467363121462	0.0539591942395636	0.054935742648836904	0.055961493042587865	0	0	0	0	0	0	-446	254	0	0	0	0	0	0	QuadTreeKD;maxNodeSize=10;maxDepth=50;DEBUG=false;center/radius=[0.49972960497375596, 0.49956548762561936, 0.49954819077601614]/1.0057639744950941 WINDOW_RESULTS=100 KNN_REPEAT=1000 UPD_DIST=1.0E-4
QKDZ-P-1	CLUSTER(5.0,0.0,null)	3	64	1000000	0	107333312	107	216	231	231	87	77	402	406	1015	1172	33000	36000	63000	66000	266	266	360951	13	0	0	0	1021073	1027842	499851	500135	1000000	1000000	0.05441701540552195	0.05371421351595642	0.05374971714941481	0.054863404197782316	0	0	0	0	0	0	-230	102	0	0	0	0	0	0	QuadTreeKD;maxNodeSize=10;maxDepth=50;DEBUG=false;center/radius=[0.4977575464944092, 0.4981877394814563, 0.5006515915204797]/1.0038033090588423 WINDOW_RESULTS=100 KNN_REPEAT=1000 UPD_DIST=1.0E-4
QKDZ-P-2	CLUSTER(5.0,0.0,null)	3	64	1000000	0	107329984	107	205	243	243	90	75	403	397	1084	1165	25000	28000	64000	60000	260	260	360733	13	0	0	0	969504	1028806	499364	499583	1000000	1000000	0.05308753538240296	0.05355589096744752	0.05531595031852453	0.055690116862772844	0	0	0	0	0	0	-446	246	0	0	0	0	0	0	QuadTreeKD;maxNodeSize=10;maxDepth=50;DEBUG=false;center/radius=[0.4999305039645927, 0.5000812838111881, 0.49947350916289235]/1.004276997583565 WINDOW_RESULTS=100 KNN_REPEAT=1000 UPD_DIST=1.0E-4
QKDZ-P-0	CLUSTER(5.0,0.0,null)	3	64	1000000	0	105724312	105	183	218	218	55	55	403	399	1005	1195	27000	26000	64000	62000	285	285	360669	13	0	0	0	9911747	9993218	499939	498463	1000000	1000000	0.05353467363121462	0.0539591942395636	0.054935742648836904	0.055961493042587865	0	0	-278	2	0	0	-224	106	0	0	0	0	0	0	QuadTreeKD;maxNodeSize=10;maxDepth=50;DEBUG=false;center/radius=[0.49972960497375596, 0.49956548762561936, 0.49954819077601614]/1.0057639744950941 WINDOW_RESULTS=1000 KNN_REPEAT=1000 UPD_DIST=1.0E-4
QKDZ-P-1	CLUSTER(5.0,0.0,null)	3	64	1000000	0	106267232	106	197	225	225	57	56	405	404	1003	1183	27000	28000	63000	63000	284	284	360951	13	0	0	0	10016547	10013647	499851	500135	1000000	1000000	0.05441701540552195	0.05371421351595642	0.05374971714941481	0.054863404197782316	0	0	-276	0	0	0	-156	1582	0	0	0	0	0	0	QuadTreeKD;maxNodeSize=10;maxDepth=50;DEBUG=false;center/radius=[0.4977575464944092, 0.4981877394814563, 0.5006515915204797]/1.0038033090588423 WINDOW_RESULTS=1000 KNN_REPEAT=1000 UPD_DIST=1.0E-4
QKDZ-P-2	CLUSTER(5.0,0.0,null)	3	64	1000000	0	105734192	105	209	221	221	59	56	403	396	990	1197	26000	27000	63000	62000	270	270	360733	13	0	0	0	9931656	10108014	499364	499583	1000000	1000000	0.05308753538240296	0.05355589096744752	0.05531595031852453	0.055690116862772844	0	0	-277	2	0	0	-230	98	0	0	0	0	0	0	QuadTreeKD;maxNodeSize=10;maxDepth=50;DEBUG=false;center/radius=[0.4999305039645927, 0.5000812838111881, 0.49947350916289235]/1.004276997583565 WINDOW_RESULTS=1000 KNN_REPEAT=1000 UPD_DIST=1.0E-4
QKDZ-P-0	CLUSTER(5.0,0.0,null)	3	64	1000000	0	106942448	106	210	212	212	49	49	400	390	1033	1127	28000	26000	64000	65000	252	252	360669	13	0	0	0	100981217	100925294	499939	498463	1000000	1000000	0.05353467363121462	0.0539591942395636	0.054935742648836904	0.055961493042587865	0	0	-2290	14	0	0	-499	130	0	0	0	0	0	0	QuadTreeKD;maxNodeSize=10;maxDepth=50;DEBUG=false;center/radius=[0.49972960497375596, 0.49956548762561936, 0.49954819077601614]/1.0057639744950941 WINDOW_RESULTS=10000 KNN_REPEAT=1000 UPD_DIST=1.0E-4
QKDZ-P-1	CLUSTER(5.0,0.0,null)	3	64	1000000	0	106971144	106	200	230	230	48	48	406	402	1013	1097	28000	27000	64000	65000	237	237	360951	13	0	0	0	99768526	100325891	499851	500135	1000000	1000000	0.05441701540552195	0.05371421351595642	0.05374971714941481	0.054863404197782316	0	0	-2291	14	0	0	-522	138	0	0	0	0	0	0	QuadTreeKD;maxNodeSize=10;maxDepth=50;DEBUG=false;center/radius=[0.4977575464944092, 0.4981877394814563, 0.5006515915204797]/1.0038033090588423 WINDOW_RESULTS=10000 KNN_REPEAT=1000 UPD_DIST=1.0E-4
QKDZ-P-2	CLUSTER(5.0,0.0,null)	3	64	1000000	0	106946344	106	192	196	196	49	49	397	390	995	1134	29000	28000	64000	59000	257	257	360733	13	0	0	0	101544962	101795150	499364	499583	1000000	1000000	0.05308753538240296	0.05355589096744752	0.05531595031852453	0.055690116862772844	0	0	-2290	12	0	0	-222	118	0	0	0	0	0	0	QuadTreeKD;maxNodeSize=10;maxDepth=50;DEBUG=false;center/radius=[0.4999305039645927, 0.5000812838111881, 0.49947350916289235]/1.004276997583565 WINDOW_RESULTS=10000 KNN_REPEAT=1000 UPD_DIST=1.0E-4
